     #Energy           s           p           d       tot  
    -1.59159   -61.95000   -11.85000     0.00000   -73.80000
    -1.58159    -0.00022    -0.00004     0.00000    -0.00026
    -1.57159    -0.00026    -0.00006     0.00000    -0.00031
    -1.56159    -0.00039    -0.00010     0.00000    -0.00049
    -1.55159    -0.00064    -0.00016     0.00000    -0.00080
    -1.54159    -0.00100    -0.00026     0.00000    -0.00127
    -1.53159    -0.00148    -0.00039     0.00000    -0.00186
    -1.52159    -0.00202    -0.00053     0.00000    -0.00254
    -1.51159    -0.00254    -0.00067     0.00000    -0.00320
    -1.50159    -0.00295    -0.00078     0.00000    -0.00374
    -1.49159    -0.00318    -0.00085     0.00000    -0.00403
    -1.48159    -0.00317    -0.00087     0.00000    -0.00404
    -1.47159    -0.00293    -0.00085     0.00000    -0.00377
    -1.46159    -0.00252    -0.00080     0.00000    -0.00331
    -1.45159    -0.00203    -0.00074     0.00000    -0.00277
    -1.44159    -0.00157    -0.00070     0.00000    -0.00227
    -1.43159    -0.00120    -0.00068     0.00000    -0.00188
    -1.42159    -0.00097    -0.00068     0.00000    -0.00164
    -1.41159    -0.00086    -0.00067     0.00000    -0.00154
    -1.40159    -0.00088    -0.00066     0.00000    -0.00154
    -1.39159    -0.00099    -0.00062     0.00000    -0.00161
    -1.38159    -0.00115    -0.00056     0.00000    -0.00171
    -1.37159    -0.00131    -0.00049     0.00000    -0.00180
    -1.36159    -0.00143    -0.00041     0.00000    -0.00184
    -1.35159    -0.00147    -0.00034     0.00000    -0.00181
    -1.34159    -0.00142    -0.00027     0.00000    -0.00169
    -1.33159    -0.00128    -0.00021     0.00000    -0.00149
    -1.32159    -0.00107    -0.00016     0.00000    -0.00123
    -1.31159    -0.00084    -0.00013     0.00000    -0.00097
    -1.30159    -0.00062    -0.00012     0.00000    -0.00074
    -1.29159    -0.00046    -0.00013     0.00000    -0.00059
    -1.28159    -0.00038    -0.00018     0.00000    -0.00055
    -1.27159    -0.00039    -0.00027     0.00000    -0.00066
    -1.26159    -0.00051    -0.00041     0.00000    -0.00092
    -1.25159    -0.00076    -0.00060     0.00000    -0.00136
    -1.24159    -0.00115    -0.00084     0.00000    -0.00199
    -1.23159    -0.00173    -0.00111     0.00000    -0.00284
    -1.22159    -0.00251    -0.00140     0.00000    -0.00392
    -1.21159    -0.00352    -0.00170     0.00000    -0.00522
    -1.20159    -0.00472    -0.00199     0.00000    -0.00671
    -1.19159    -0.00605    -0.00226     0.00000    -0.00831
    -1.18159    -0.00740    -0.00250     0.00000    -0.00990
    -1.17159    -0.00860    -0.00270     0.00000    -0.01130
    -1.16159    -0.00951    -0.00284     0.00000    -0.01235
    -1.15159    -0.01001    -0.00290     0.00000    -0.01292
    -1.14159    -0.01004    -0.00288     0.00000    -0.01292
    -1.13159    -0.00961    -0.00277     0.00000    -0.01238
    -1.12159    -0.00878    -0.00257     0.00000    -0.01135
    -1.11159    -0.00767    -0.00230     0.00000    -0.00997
    -1.10159    -0.00640    -0.00198     0.00000    -0.00838
    -1.09059    -0.00511    -0.00163     0.00000    -0.00674
    -1.08059    -0.00391    -0.00129     0.00000    -0.00520
    -1.07059    -0.00288    -0.00100     0.00000    -0.00388
    -1.06059    -0.00208    -0.00078     0.00000    -0.00285
    -1.05059    -0.00152    -0.00065     0.00000    -0.00217
    -1.04059    -0.00120    -0.00061     0.00000    -0.00181
    -1.03059    -0.00108    -0.00064     0.00000    -0.00172
    -1.02059    -0.00109    -0.00073     0.00000    -0.00181
    -1.01059    -0.00116    -0.00082     0.00000    -0.00198
    -1.00059    -0.00123    -0.00090     0.00000    -0.00212
    -0.99059    -0.00124    -0.00092     0.00000    -0.00215
    -0.98059    -0.00117    -0.00087     0.00000    -0.00204
    -0.97059    -0.00103    -0.00077     0.00000    -0.00180
    -0.96059    -0.00084    -0.00062     0.00000    -0.00146
    -0.95059    -0.00063    -0.00047     0.00000    -0.00110
    -0.94059    -0.00044    -0.00033     0.00000    -0.00076
    -0.93059    -0.00028    -0.00021     0.00000    -0.00049
    -0.92059    -0.00017    -0.00012     0.00000    -0.00029
    -0.91059    -0.00009    -0.00007     0.00000    -0.00016
    -0.90059    -0.00005    -0.00004     0.00000    -0.00009
    -0.89059    -0.00004    -0.00003     0.00000    -0.00007
    -0.88059    -0.00005    -0.00003     0.00000    -0.00008
    -0.87059    -0.00009    -0.00005     0.00000    -0.00014
    -0.86059    -0.00016    -0.00009     0.00000    -0.00025
    -0.85059    -0.00027    -0.00016     0.00000    -0.00043
    -0.84059    -0.00044    -0.00025     0.00000    -0.00070
    -0.83059    -0.00065    -0.00038     0.00000    -0.00103
    -0.82059    -0.00090    -0.00052     0.00000    -0.00142
    -0.81059    -0.00114    -0.00066     0.00000    -0.00179
    -0.80059    -0.00133    -0.00077     0.00000    -0.00210
    -0.79059    -0.00144    -0.00083     0.00000    -0.00227
    -0.78059    -0.00143    -0.00083     0.00000    -0.00226
    -0.77059    -0.00132    -0.00076     0.00000    -0.00208
    -0.76059    -0.00112    -0.00065     0.00000    -0.00177
    -0.75059    -0.00088    -0.00051     0.00000    -0.00139
    -0.74059    -0.00064    -0.00037     0.00000    -0.00101
    -0.73059    -0.00043    -0.00025     0.00000    -0.00068
    -0.72059    -0.00027    -0.00015     0.00000    -0.00042
    -0.71059    -0.00015    -0.00009     0.00000    -0.00024
    -0.70059    -0.00008    -0.00005     0.00000    -0.00013
    -0.69059    -0.00004    -0.00002     0.00000    -0.00006
    -0.68059    -0.00002    -0.00001     0.00000    -0.00003
    -0.67059    -0.00001    -0.00000     0.00000    -0.00001
    -0.66059    -0.00000    -0.00000     0.00000    -0.00000
    -0.65059    -0.00000    -0.00000     0.00000    -0.00000
    -0.64059    -0.00000    -0.00000     0.00000    -0.00000
    -0.63059    -0.00000    -0.00000     0.00000    -0.00000
    -0.62059    -0.00000    -0.00000     0.00000    -0.00000
    -0.61059    -0.00000    -0.00000     0.00000    -0.00000
    -0.60059    -0.00000    -0.00000     0.00000    -0.00000
    -0.59059    -0.00000    -0.00000     0.00000    -0.00000
    -0.58059    -0.00000    -0.00000     0.00000    -0.00000
    -0.57059    -0.00000    -0.00001     0.00000    -0.00001
    -0.56059    -0.00001    -0.00002     0.00000    -0.00003
    -0.55059    -0.00002    -0.00004     0.00000    -0.00006
    -0.54059    -0.00004    -0.00008     0.00000    -0.00012
    -0.53059    -0.00007    -0.00016     0.00000    -0.00023
    -0.52059    -0.00013    -0.00029     0.00000    -0.00041
    -0.51059    -0.00021    -0.00047     0.00000    -0.00068
    -0.50059    -0.00032    -0.00072     0.00000    -0.00104
    -0.49059    -0.00045    -0.00101     0.00000    -0.00146
    -0.48059    -0.00058    -0.00132     0.00000    -0.00190
    -0.47059    -0.00070    -0.00158     0.00000    -0.00228
    -0.46059    -0.00078    -0.00175     0.00000    -0.00252
    -0.45059    -0.00079    -0.00179     0.00000    -0.00258
    -0.44059    -0.00075    -0.00169     0.00000    -0.00245
    -0.43059    -0.00066    -0.00149     0.00000    -0.00215
    -0.42059    -0.00055    -0.00123     0.00000    -0.00177
    -0.41059    -0.00043    -0.00097     0.00000    -0.00140
    -0.40059    -0.00034    -0.00077     0.00000    -0.00112
    -0.39059    -0.00030    -0.00068     0.00000    -0.00098
    -0.38059    -0.00031    -0.00071     0.00000    -0.00101
    -0.37059    -0.00036    -0.00084     0.00000    -0.00120
    -0.36059    -0.00044    -0.00106     0.00000    -0.00150
    -0.35059    -0.00053    -0.00131     0.00000    -0.00184
    -0.34059    -0.00061    -0.00153     0.00000    -0.00214
    -0.33059    -0.00066    -0.00168     0.00000    -0.00234
    -0.32059    -0.00066    -0.00173     0.00000    -0.00238
    -0.31059    -0.00062    -0.00166     0.00000    -0.00228
    -0.30059    -0.00055    -0.00152     0.00000    -0.00206
    -0.29059    -0.00046    -0.00133     0.00000    -0.00179
    -0.28059    -0.00038    -0.00114     0.00000    -0.00152
    -0.27059    -0.00031    -0.00097     0.00000    -0.00128
    -0.26059    -0.00026    -0.00082     0.00000    -0.00108
    -0.25059    -0.00021    -0.00070     0.00000    -0.00091
    -0.24059    -0.00018    -0.00059     0.00000    -0.00076
    -0.23059    -0.00014    -0.00048     0.00000    -0.00062
    -0.22059    -0.00011    -0.00037     0.00000    -0.00048
    -0.21059    -0.00008    -0.00027     0.00000    -0.00035
    -0.20059    -0.00005    -0.00018     0.00000    -0.00024
    -0.19059    -0.00003    -0.00012     0.00000    -0.00015
    -0.18059    -0.00002    -0.00007     0.00000    -0.00009
    -0.17059    -0.00001    -0.00004     0.00000    -0.00005
    -0.16059    -0.00001    -0.00002     0.00000    -0.00002
    -0.15059    -0.00000    -0.00001     0.00000    -0.00001
    -0.14059    -0.00000    -0.00000     0.00000    -0.00000
    -0.13059    -0.00000    -0.00000     0.00000    -0.00000
    -0.12059    -0.00000    -0.00000     0.00000    -0.00000
    -0.11059    -0.00000    -0.00000     0.00000    -0.00000
    -0.10059    -0.00000    -0.00000     0.00000    -0.00000
    -0.08959    -0.00000    -0.00000     0.00000    -0.00000
    -0.07959    -0.00000    -0.00000     0.00000    -0.00000
    -0.06959    -0.00000    -0.00000     0.00000    -0.00000
    -0.05959    -0.00000    -0.00000     0.00000    -0.00000
    -0.04959    -0.00000    -0.00000     0.00000    -0.00000
    -0.03959    -0.00000    -0.00000     0.00000    -0.00000
    -0.02959    -0.00000    -0.00000     0.00000    -0.00000
    -0.01959    -0.00000    -0.00000     0.00000    -0.00000
    -0.00959    -0.00000    -0.00000     0.00000    -0.00000
     0.00041    -0.00000    -0.00000     0.00000    -0.00000
     0.01041    -0.00000    -0.00000     0.00000    -0.00000
     0.02041    -0.00000    -0.00000     0.00000    -0.00000
     0.03041    -0.00000    -0.00000     0.00000    -0.00000
     0.04041    -0.00000    -0.00000     0.00000    -0.00000
     0.05041     0.00000     0.00000     0.00000     0.00000
     0.06041     0.00000     0.00000     0.00000     0.00000
     0.07041     0.00000     0.00000     0.00000     0.00000
     0.08041     0.00000     0.00000     0.00000     0.00000
     0.09041     0.00000     0.00000     0.00000     0.00000
     0.10041     0.00000     0.00000     0.00000     0.00000
     0.11041     0.00000     0.00000     0.00000     0.00000
     0.12041     0.00000     0.00000     0.00000     0.00000
     0.13041    -0.00000    -0.00000     0.00000    -0.00000
     0.14041    -0.00000    -0.00000     0.00000    -0.00000
     0.15041    -0.00000    -0.00000     0.00000    -0.00000
     0.16041    -0.00000    -0.00000     0.00000    -0.00000
     0.17041    -0.00000    -0.00000     0.00000    -0.00000
     0.18041    -0.00000    -0.00000     0.00000    -0.00000
     0.19041    -0.00000    -0.00000     0.00000    -0.00000
     0.20041    -0.00000    -0.00000     0.00000    -0.00000
     0.21041    -0.00000    -0.00000     0.00000    -0.00000
     0.22041    -0.00000    -0.00000     0.00000    -0.00000
     0.23041    -0.00000    -0.00000     0.00000    -0.00000
     0.24041    -0.00000    -0.00000     0.00000    -0.00000
     0.25041    -0.00000    -0.00000     0.00000    -0.00000
     0.26041    -0.00000    -0.00000     0.00000    -0.00000
     0.27041    -0.00000    -0.00000     0.00000    -0.00000
     0.28041    -0.00000    -0.00000     0.00000    -0.00000
     0.29041    -0.00000    -0.00000     0.00000    -0.00000
     0.30041    -0.00000    -0.00000     0.00000    -0.00000
     0.31041    -0.00000    -0.00000     0.00000    -0.00001
     0.32041    -0.00001    -0.00001     0.00000    -0.00002
     0.33041    -0.00002    -0.00002     0.00000    -0.00004
     0.34041    -0.00004    -0.00004     0.00000    -0.00008
     0.35041    -0.00008    -0.00008     0.00000    -0.00016
     0.36041    -0.00015    -0.00014     0.00000    -0.00028
     0.37041    -0.00025    -0.00023     0.00000    -0.00047
     0.38041    -0.00038    -0.00035     0.00000    -0.00073
     0.39041    -0.00054    -0.00050     0.00000    -0.00104
     0.40041    -0.00070    -0.00066     0.00000    -0.00136
     0.41041    -0.00085    -0.00079     0.00000    -0.00164
     0.42041    -0.00095    -0.00089     0.00000    -0.00184
     0.43041    -0.00098    -0.00092     0.00000    -0.00190
     0.44041    -0.00094    -0.00087     0.00000    -0.00181
     0.45041    -0.00082    -0.00077     0.00000    -0.00159
     0.46041    -0.00067    -0.00063     0.00000    -0.00129
     0.47041    -0.00050    -0.00047     0.00000    -0.00097
     0.48041    -0.00035    -0.00033     0.00000    -0.00067
     0.49041    -0.00022    -0.00021     0.00000    -0.00043
     0.50041    -0.00013    -0.00012     0.00000    -0.00026
     0.51041    -0.00007    -0.00007     0.00000    -0.00014
     0.52041    -0.00004    -0.00003     0.00000    -0.00007
     0.53041    -0.00002    -0.00002     0.00000    -0.00003
     0.54041    -0.00001    -0.00001     0.00000    -0.00001
     0.55041    -0.00000    -0.00000     0.00000    -0.00001
     0.56041    -0.00000    -0.00000     0.00000    -0.00000
     0.57041    -0.00000    -0.00000     0.00000    -0.00000
     0.58041    -0.00000    -0.00000     0.00000    -0.00000
     0.59041    -0.00000    -0.00000     0.00000    -0.00000
     0.60041    -0.00000    -0.00000     0.00000    -0.00000
     0.61041    -0.00000    -0.00000     0.00000    -0.00000
     0.62041    -0.00000    -0.00000     0.00000    -0.00000
     0.63041    -0.00000    -0.00001     0.00000    -0.00001
     0.64041    -0.00001    -0.00001     0.00000    -0.00002
     0.65041    -0.00002    -0.00003     0.00000    -0.00004
     0.66041    -0.00003    -0.00005     0.00000    -0.00008
     0.67041    -0.00005    -0.00009     0.00000    -0.00015
     0.68041    -0.00009    -0.00015     0.00000    -0.00024
     0.69041    -0.00014    -0.00023     0.00000    -0.00037
     0.70041    -0.00020    -0.00033     0.00000    -0.00053
     0.71041    -0.00026    -0.00043     0.00000    -0.00069
     0.72041    -0.00032    -0.00053     0.00000    -0.00085
     0.73041    -0.00036    -0.00060     0.00000    -0.00096
     0.74041    -0.00038    -0.00063     0.00000    -0.00101
     0.75041    -0.00038    -0.00062     0.00000    -0.00100
     0.76041    -0.00036    -0.00059     0.00000    -0.00095
     0.77041    -0.00033    -0.00055     0.00000    -0.00089
     0.78041    -0.00031    -0.00052     0.00000    -0.00083
     0.79041    -0.00031    -0.00051     0.00000    -0.00081
     0.80041    -0.00032    -0.00051     0.00000    -0.00083
     0.81041    -0.00035    -0.00054     0.00000    -0.00089
     0.82041    -0.00038    -0.00057     0.00000    -0.00095
     0.83041    -0.00042    -0.00061     0.00000    -0.00102
     0.84041    -0.00045    -0.00063     0.00000    -0.00108
     0.85041    -0.00047    -0.00063     0.00000    -0.00110
     0.86041    -0.00048    -0.00062     0.00000    -0.00109
     0.87041    -0.00046    -0.00058     0.00000    -0.00104
     0.88041    -0.00043    -0.00052     0.00000    -0.00095
     0.89041    -0.00038    -0.00045     0.00000    -0.00083
     0.90041    -0.00033    -0.00037     0.00000    -0.00070
     0.91141    -0.00029    -0.00030     0.00000    -0.00059
     0.92141    -0.00027    -0.00026     0.00000    -0.00053
     0.93141    -0.00027    -0.00025     0.00000    -0.00052
     0.94141    -0.00030    -0.00026     0.00000    -0.00056
     0.95141    -0.00035    -0.00031     0.00000    -0.00065
     0.96141    -0.00040    -0.00036     0.00000    -0.00076
     0.97141    -0.00044    -0.00042     0.00000    -0.00086
     0.98141    -0.00047    -0.00046     0.00000    -0.00093
     0.99141    -0.00047    -0.00047     0.00000    -0.00094
     1.00141    -0.00045    -0.00045     0.00000    -0.00090
     1.01141    -0.00042    -0.00040     0.00000    -0.00083
     1.02141    -0.00041    -0.00035     0.00000    -0.00076
     1.03141    -0.00044    -0.00030     0.00000    -0.00074
     1.04141    -0.00051    -0.00027     0.00000    -0.00078
     1.05141    -0.00063    -0.00027     0.00000    -0.00089
     1.06141    -0.00078    -0.00028     0.00000    -0.00107
     1.07141    -0.00095    -0.00032     0.00000    -0.00127
     1.08141    -0.00110    -0.00035     0.00000    -0.00145
     1.09141    -0.00120    -0.00037     0.00000    -0.00156
     1.10141    -0.00122    -0.00037     0.00000    -0.00158
     1.11141    -0.00116    -0.00035     0.00000    -0.00151
     1.12141    -0.00104    -0.00031     0.00000    -0.00134
     1.13141    -0.00087    -0.00026     0.00000    -0.00113
     1.14141    -0.00069    -0.00020     0.00000    -0.00089
     1.15141    -0.00052    -0.00015     0.00000    -0.00067
     1.16141    -0.00036    -0.00010     0.00000    -0.00047
     1.17141    -0.00024    -0.00007     0.00000    -0.00031
     1.18141    -0.00015    -0.00004     0.00000    -0.00020
     1.19141    -0.00009    -0.00003     0.00000    -0.00012
     1.20141    -0.00005    -0.00001     0.00000    -0.00007
     1.21141    -0.00003    -0.00001     0.00000    -0.00003
     1.22141    -0.00001    -0.00000     0.00000    -0.00002
     1.23141    -0.00001    -0.00000     0.00000    -0.00001
     1.24141    -0.00000    -0.00000     0.00000    -0.00000
     1.25141    -0.00000    -0.00000     0.00000    -0.00000
     1.26141    -0.00000    -0.00000     0.00000    -0.00000
     1.27141    -0.00000    -0.00000     0.00000    -0.00000
     1.28141    -0.00000    -0.00000     0.00000    -0.00000
     1.29141    -0.00000    -0.00000     0.00000    -0.00000
     1.30141    -0.00000    -0.00000     0.00000    -0.00000
     1.31141    -0.00000    -0.00000     0.00000    -0.00000
     1.32141    -0.00000    -0.00000     0.00000    -0.00000
     1.33141    -0.00000    -0.00000     0.00000    -0.00000
     1.34141    -0.00000    -0.00000     0.00000    -0.00000
     1.35141    -0.00000    -0.00000     0.00000    -0.00001
     1.36141    -0.00001    -0.00001     0.00000    -0.00001
     1.37141    -0.00001    -0.00001     0.00000    -0.00002
     1.38141    -0.00003    -0.00002     0.00000    -0.00004
     1.39141    -0.00004    -0.00003     0.00000    -0.00007
     1.40141    -0.00006    -0.00004     0.00000    -0.00011
     1.41141    -0.00008    -0.00006     0.00000    -0.00015
     1.42141    -0.00011    -0.00008     0.00000    -0.00019
     1.43141    -0.00013    -0.00009     0.00000    -0.00022
     1.44141    -0.00014    -0.00010     0.00000    -0.00025
     1.45141    -0.00015    -0.00010     0.00000    -0.00026
     1.46141    -0.00016    -0.00010     0.00000    -0.00026
     1.47141    -0.00017    -0.00009     0.00000    -0.00027
     1.48141    -0.00019    -0.00009     0.00000    -0.00028
     1.49141    -0.00023    -0.00009     0.00000    -0.00032
     1.50141    -0.00028    -0.00009     0.00000    -0.00037
     1.51141    -0.00034    -0.00010     0.00000    -0.00044
     1.52141    -0.00040    -0.00010     0.00000    -0.00050
     1.53141    -0.00044    -0.00011     0.00000    -0.00055
     1.54141    -0.00045    -0.00011     0.00000    -0.00056
     1.55141    -0.00043    -0.00010     0.00000    -0.00053
     1.56141    -0.00038    -0.00009     0.00000    -0.00047
     1.57141    -0.00031    -0.00008     0.00000    -0.00038
     1.58141    -0.00023    -0.00006     0.00000    -0.00029
     1.59141    -0.00016    -0.00004     0.00000    -0.00020
     1.60141    -0.00010    -0.00003     0.00000    -0.00013
     1.61141    -0.00006    -0.00002     0.00000    -0.00008
     1.62141    -0.00003    -0.00001     0.00000    -0.00005
     1.63141    -0.00002    -0.00002     0.00000    -0.00004
     1.64141    -0.00001    -0.00003     0.00000    -0.00004
     1.65141    -0.00000    -0.00005     0.00000    -0.00006
     1.66141    -0.00000    -0.00009     0.00000    -0.00009
     1.67141    -0.00000    -0.00014     0.00000    -0.00014
     1.68141    -0.00000    -0.00020     0.00000    -0.00021
     1.69141    -0.00001    -0.00027     0.00000    -0.00028
     1.70141    -0.00001    -0.00034     0.00000    -0.00035
     1.71141    -0.00001    -0.00039     0.00000    -0.00040
     1.72141    -0.00001    -0.00042     0.00000    -0.00042
     1.73141    -0.00001    -0.00041     0.00000    -0.00042
     1.74141    -0.00001    -0.00038     0.00000    -0.00039
     1.75141    -0.00001    -0.00034     0.00000    -0.00035
     1.76141    -0.00001    -0.00029     0.00000    -0.00030
     1.77141    -0.00001    -0.00027     0.00000    -0.00028
     1.78141    -0.00001    -0.00026     0.00000    -0.00027
     1.79141    -0.00002    -0.00028     0.00000    -0.00030
     1.80141    -0.00002    -0.00033     0.00000    -0.00035
     1.81141    -0.00003    -0.00038     0.00000    -0.00042
     1.82141    -0.00004    -0.00044     0.00000    -0.00048
     1.83141    -0.00005    -0.00050     0.00000    -0.00056
     1.84141    -0.00007    -0.00056     0.00000    -0.00063
     1.85141    -0.00009    -0.00062     0.00000    -0.00071
     1.86141    -0.00012    -0.00069     0.00000    -0.00081
     1.87141    -0.00015    -0.00077     0.00000    -0.00092
     1.88141    -0.00018    -0.00086     0.00000    -0.00104
     1.89141    -0.00020    -0.00094     0.00000    -0.00115
     1.90141    -0.00022    -0.00101     0.00000    -0.00123
     1.91241    -0.00023    -0.00104     0.00000    -0.00126
     1.92241    -0.00022    -0.00102     0.00000    -0.00124
     1.93241    -0.00020    -0.00097     0.00000    -0.00117
     1.94241    -0.00017    -0.00088     0.00000    -0.00105
     1.95241    -0.00014    -0.00076     0.00000    -0.00090
     1.96241    -0.00011    -0.00063     0.00000    -0.00074
     1.97241    -0.00009    -0.00050     0.00000    -0.00058
     1.98241    -0.00007    -0.00039     0.00000    -0.00046
     1.99241    -0.00007    -0.00030     0.00000    -0.00037
     2.00241    -0.00008    -0.00025     0.00000    -0.00033
     2.01241    -0.00010    -0.00023     0.00000    -0.00034
     2.02241    -0.00014    -0.00026     0.00000    -0.00040
     2.03241    -0.00019    -0.00030     0.00000    -0.00049
     2.04241    -0.00024    -0.00036     0.00000    -0.00060
     2.05241    -0.00028    -0.00042     0.00000    -0.00070
     2.06241    -0.00031    -0.00045     0.00000    -0.00076
     2.07241    -0.00031    -0.00046     0.00000    -0.00077
     2.08241    -0.00029    -0.00044     0.00000    -0.00073
     2.09241    -0.00025    -0.00040     0.00000    -0.00065
     2.10241    -0.00020    -0.00034     0.00000    -0.00054
     2.11241    -0.00015    -0.00028     0.00000    -0.00043
     2.12241    -0.00011    -0.00024     0.00000    -0.00034
     2.13241    -0.00007    -0.00020     0.00000    -0.00028
     2.14241    -0.00005    -0.00018     0.00000    -0.00023
     2.15241    -0.00005    -0.00017     0.00000    -0.00022
     2.16241    -0.00005    -0.00017     0.00000    -0.00022
     2.17241    -0.00007    -0.00017     0.00000    -0.00024
     2.18241    -0.00009    -0.00019     0.00000    -0.00028
     2.19241    -0.00011    -0.00020     0.00000    -0.00032
     2.20241    -0.00014    -0.00022     0.00000    -0.00036
     2.21241    -0.00017    -0.00023     0.00000    -0.00040
     2.22241    -0.00019    -0.00023     0.00000    -0.00042
     2.23241    -0.00019    -0.00022     0.00000    -0.00042
     2.24241    -0.00019    -0.00021     0.00000    -0.00040
     2.25241    -0.00017    -0.00018     0.00000    -0.00035
     2.26241    -0.00015    -0.00015     0.00000    -0.00030
     2.27241    -0.00012    -0.00012     0.00000    -0.00024
     2.28241    -0.00009    -0.00010     0.00000    -0.00019
     2.29241    -0.00006    -0.00007     0.00000    -0.00013
     2.30241    -0.00004    -0.00005     0.00000    -0.00009
     2.31241    -0.00003    -0.00003     0.00000    -0.00006
     2.32241    -0.00002    -0.00002     0.00000    -0.00004
     2.33241    -0.00002    -0.00002     0.00000    -0.00003
     2.34241    -0.00002    -0.00002     0.00000    -0.00004
     2.35241    -0.00003    -0.00003     0.00000    -0.00006
     2.36241    -0.00005    -0.00004     0.00000    -0.00009
     2.37241    -0.00008    -0.00006     0.00000    -0.00014
     2.38241    -0.00012    -0.00009     0.00000    -0.00021
     2.39241    -0.00017    -0.00013     0.00000    -0.00031
     2.40241    -0.00023    -0.00018     0.00000    -0.00041
     2.41241    -0.00029    -0.00022     0.00000    -0.00051
     2.42241    -0.00035    -0.00025     0.00000    -0.00060
     2.43241    -0.00039    -0.00027     0.00000    -0.00066
     2.44241    -0.00041    -0.00028     0.00000    -0.00069
     2.45241    -0.00041    -0.00027     0.00000    -0.00068
     2.46241    -0.00041    -0.00025     0.00000    -0.00066
     2.47241    -0.00042    -0.00022     0.00000    -0.00063
     2.48241    -0.00045    -0.00019     0.00000    -0.00064
     2.49241    -0.00054    -0.00017     0.00000    -0.00071
     2.50241    -0.00069    -0.00017     0.00000    -0.00086
     2.51241    -0.00091    -0.00018     0.00000    -0.00109
     2.52241    -0.00118    -0.00021     0.00000    -0.00139
     2.53241    -0.00146    -0.00025     0.00000    -0.00171
     2.54241    -0.00171    -0.00028     0.00000    -0.00199
     2.55241    -0.00190    -0.00030     0.00000    -0.00221
     2.56241    -0.00201    -0.00031     0.00000    -0.00232
     2.57241    -0.00203    -0.00031     0.00000    -0.00234
     2.58241    -0.00197    -0.00030     0.00000    -0.00227
     2.59241    -0.00186    -0.00028     0.00000    -0.00214
     2.60241    -0.00171    -0.00026     0.00000    -0.00197
     2.61241    -0.00153    -0.00024     0.00000    -0.00177
     2.62241    -0.00132    -0.00023     0.00000    -0.00156
     2.63241    -0.00112    -0.00024     0.00000    -0.00136
     2.64241    -0.00093    -0.00026     0.00000    -0.00120
     2.65241    -0.00078    -0.00030     0.00000    -0.00108
     2.66241    -0.00067    -0.00035     0.00000    -0.00102
     2.67241    -0.00061    -0.00040     0.00000    -0.00100
     2.68241    -0.00058    -0.00043     0.00000    -0.00101
     2.69241    -0.00057    -0.00045     0.00000    -0.00101
     2.70241    -0.00056    -0.00044     0.00000    -0.00100
     2.71241    -0.00057    -0.00041     0.00000    -0.00097
     2.72241    -0.00057    -0.00037     0.00000    -0.00094
     2.73241    -0.00057    -0.00033     0.00000    -0.00090
     2.74241    -0.00057    -0.00031     0.00000    -0.00089
     2.75241    -0.00058    -0.00031     0.00000    -0.00089
     2.76241    -0.00058    -0.00034     0.00000    -0.00092
     2.77241    -0.00057    -0.00041     0.00000    -0.00097
     2.78241    -0.00056    -0.00050     0.00000    -0.00106
     2.79241    -0.00055    -0.00064     0.00000    -0.00119
     2.80241    -0.00055    -0.00081     0.00000    -0.00136
     2.81241    -0.00057    -0.00099     0.00000    -0.00156
     2.82241    -0.00059    -0.00118     0.00000    -0.00177
     2.83241    -0.00063    -0.00135     0.00000    -0.00198
     2.84241    -0.00067    -0.00147     0.00000    -0.00214
     2.85241    -0.00071    -0.00154     0.00000    -0.00225
     2.86241    -0.00075    -0.00155     0.00000    -0.00231
     2.87241    -0.00080    -0.00150     0.00000    -0.00231
     2.88241    -0.00087    -0.00141     0.00000    -0.00228
     2.89241    -0.00096    -0.00129     0.00000    -0.00225
     2.90241    -0.00107    -0.00116     0.00000    -0.00224
     2.91341    -0.00120    -0.00103     0.00000    -0.00223
     2.92341    -0.00132    -0.00090     0.00000    -0.00222
     2.93341    -0.00142    -0.00079     0.00000    -0.00221
     2.94341    -0.00148    -0.00068     0.00000    -0.00216
     2.95341    -0.00150    -0.00059     0.00000    -0.00208
     2.96341    -0.00148    -0.00051     0.00000    -0.00199
     2.97341    -0.00143    -0.00045     0.00000    -0.00188
     2.98341    -0.00138    -0.00042     0.00000    -0.00181
     2.99341    -0.00135    -0.00043     0.00000    -0.00178
     3.00341    -0.00135    -0.00049     0.00000    -0.00184
     3.01341    -0.00143    -0.00059     0.00000    -0.00202
     3.02341    -0.00159    -0.00074     0.00000    -0.00233
     3.03341    -0.00185    -0.00092     0.00000    -0.00277
     3.04341    -0.00220    -0.00111     0.00000    -0.00331
     3.05341    -0.00259    -0.00129     0.00000    -0.00388
     3.06341    -0.00297    -0.00143     0.00000    -0.00440
     3.07341    -0.00328    -0.00152     0.00000    -0.00480
     3.08341    -0.00346    -0.00156     0.00000    -0.00502
     3.09341    -0.00348    -0.00155     0.00000    -0.00502
     3.10341    -0.00332    -0.00149     0.00000    -0.00481
     3.11341    -0.00302    -0.00140     0.00000    -0.00442
     3.12341    -0.00263    -0.00129     0.00000    -0.00392
     3.13341    -0.00222    -0.00117     0.00000    -0.00339
     3.14341    -0.00183    -0.00105     0.00000    -0.00288
     3.15341    -0.00152    -0.00095     0.00000    -0.00247
     3.16341    -0.00130    -0.00088     0.00000    -0.00218
     3.17341    -0.00117    -0.00084     0.00000    -0.00201
     3.18341    -0.00111    -0.00082     0.00000    -0.00193
     3.19341    -0.00108    -0.00080     0.00000    -0.00188
     3.20341    -0.00105    -0.00077     0.00000    -0.00182
     3.21341    -0.00100    -0.00071     0.00000    -0.00171
     3.22341    -0.00094    -0.00063     0.00000    -0.00157
     3.23341    -0.00088    -0.00054     0.00000    -0.00142
     3.24341    -0.00086    -0.00045     0.00000    -0.00131
     3.25341    -0.00089    -0.00037     0.00000    -0.00127
     3.26341    -0.00099    -0.00033     0.00000    -0.00132
     3.27341    -0.00114    -0.00031     0.00000    -0.00145
     3.28341    -0.00132    -0.00032     0.00000    -0.00164
     3.29341    -0.00151    -0.00035     0.00000    -0.00186
     3.30341    -0.00170    -0.00039     0.00000    -0.00209
     3.31341    -0.00187    -0.00045     0.00000    -0.00232
     3.32341    -0.00202    -0.00053     0.00000    -0.00254
     3.33341    -0.00213    -0.00061     0.00000    -0.00274
     3.34341    -0.00220    -0.00069     0.00000    -0.00290
     3.35341    -0.00221    -0.00076     0.00000    -0.00297
     3.36341    -0.00215    -0.00080     0.00000    -0.00295
     3.37341    -0.00202    -0.00080     0.00000    -0.00283
     3.38341    -0.00186    -0.00077     0.00000    -0.00263
     3.39341    -0.00169    -0.00072     0.00000    -0.00241
     3.40341    -0.00155    -0.00066     0.00000    -0.00222
     3.41341    -0.00148    -0.00062     0.00000    -0.00211
     3.42341    -0.00149    -0.00061     0.00000    -0.00210
     3.43341    -0.00155    -0.00063     0.00000    -0.00218
     3.44341    -0.00163    -0.00065     0.00000    -0.00229
     3.45341    -0.00168    -0.00067     0.00000    -0.00236
     3.46341    -0.00167    -0.00067     0.00000    -0.00234
     3.47341    -0.00156    -0.00064     0.00000    -0.00220
     3.48341    -0.00138    -0.00058     0.00000    -0.00196
     3.49341    -0.00115    -0.00050     0.00000    -0.00165
     3.50341    -0.00092    -0.00042     0.00000    -0.00134
     3.51341    -0.00071    -0.00036     0.00000    -0.00107
     3.52341    -0.00057    -0.00032     0.00000    -0.00089
     3.53341    -0.00050    -0.00032     0.00000    -0.00082
     3.54341    -0.00050    -0.00035     0.00000    -0.00085
     3.55341    -0.00057    -0.00041     0.00000    -0.00098
     3.56341    -0.00069    -0.00050     0.00000    -0.00120
     3.57341    -0.00086    -0.00063     0.00000    -0.00149
     3.58341    -0.00106    -0.00080     0.00000    -0.00186
     3.59341    -0.00129    -0.00099     0.00000    -0.00228
     3.60341    -0.00152    -0.00121     0.00000    -0.00273
     3.61341    -0.00175    -0.00144     0.00000    -0.00318
     3.62341    -0.00196    -0.00164     0.00000    -0.00360
     3.63341    -0.00213    -0.00180     0.00000    -0.00393
     3.64341    -0.00225    -0.00190     0.00000    -0.00416
     3.65341    -0.00232    -0.00193     0.00000    -0.00425
     3.66341    -0.00232    -0.00190     0.00000    -0.00422
     3.67341    -0.00226    -0.00182     0.00000    -0.00408
     3.68341    -0.00216    -0.00173     0.00000    -0.00389
     3.69341    -0.00205    -0.00164     0.00000    -0.00369
     3.70341    -0.00195    -0.00158     0.00000    -0.00354
     3.71341    -0.00188    -0.00156     0.00000    -0.00344
     3.72341    -0.00183    -0.00157     0.00000    -0.00339
     3.73341    -0.00179    -0.00157     0.00000    -0.00336
     3.74341    -0.00174    -0.00155     0.00000    -0.00329
     3.75341    -0.00168    -0.00149     0.00000    -0.00317
     3.76341    -0.00161    -0.00137     0.00000    -0.00298
     3.77341    -0.00154    -0.00121     0.00000    -0.00275
     3.78341    -0.00148    -0.00104     0.00000    -0.00252
     3.79341    -0.00144    -0.00088     0.00000    -0.00232
     3.80341    -0.00143    -0.00073     0.00000    -0.00216
     3.81341    -0.00144    -0.00062     0.00000    -0.00205
     3.82341    -0.00145    -0.00053     0.00000    -0.00198
     3.83341    -0.00148    -0.00046     0.00000    -0.00194
     3.84341    -0.00151    -0.00040     0.00000    -0.00191
     3.85341    -0.00156    -0.00036     0.00000    -0.00193
     3.86341    -0.00166    -0.00033     0.00000    -0.00199
     3.87341    -0.00180    -0.00033     0.00000    -0.00213
     3.88341    -0.00199    -0.00036     0.00000    -0.00234
     3.89341    -0.00220    -0.00042     0.00000    -0.00262
     3.90341    -0.00241    -0.00053     0.00000    -0.00294
     3.91441    -0.00259    -0.00069     0.00000    -0.00328
     3.92441    -0.00272    -0.00089     0.00000    -0.00360
     3.93441    -0.00278    -0.00110     0.00000    -0.00388
     3.94441    -0.00277    -0.00131     0.00000    -0.00408
     3.95441    -0.00268    -0.00149     0.00000    -0.00417
     3.96441    -0.00253    -0.00163     0.00000    -0.00416
     3.97441    -0.00232    -0.00174     0.00000    -0.00406
     3.98441    -0.00207    -0.00187     0.00000    -0.00394
     3.99441    -0.00184    -0.00210     0.00000    -0.00394
     4.00441    -0.00167    -0.00250     0.00000    -0.00417
     4.01441    -0.00162    -0.00312     0.00000    -0.00474
     4.02441    -0.00171    -0.00393     0.00000    -0.00564
     4.03441    -0.00193    -0.00485     0.00000    -0.00678
     4.04441    -0.00224    -0.00574     0.00000    -0.00797
     4.05441    -0.00257    -0.00644     0.00000    -0.00901
     4.06441    -0.00289    -0.00688     0.00000    -0.00977
     4.07441    -0.00316    -0.00713     0.00000    -0.01029
     4.08441    -0.00343    -0.00739     0.00000    -0.01082
     4.09441    -0.00377    -0.00803     0.00000    -0.01180
     4.10441    -0.00431    -0.00943     0.00000    -0.01374
     4.11441    -0.00512    -0.01188     0.00000    -0.01700
     4.12441    -0.00621    -0.01546     0.00000    -0.02167
     4.13441    -0.00748    -0.01992     0.00000    -0.02741
     4.14441    -0.00873    -0.02470     0.00000    -0.03343
     4.15441    -0.00969    -0.02899     0.00000    -0.03868
     4.16441    -0.01013    -0.03197     0.00000    -0.04210
     4.17441    -0.00994    -0.03300     0.00000    -0.04294
     4.18441    -0.00912    -0.03185     0.00000    -0.04097
     4.19441    -0.00784    -0.02876     0.00000    -0.03660
     4.20441    -0.00635    -0.02433     0.00000    -0.03069
     4.21441    -0.00491    -0.01939     0.00000    -0.02430
     4.22441    -0.00370    -0.01469     0.00000    -0.01839
     4.23441    -0.00284    -0.01076     0.00000    -0.01360
     4.24441    -0.00234    -0.00785     0.00000    -0.01019
     4.25441    -0.00215    -0.00590     0.00000    -0.00805
     4.26441    -0.00217    -0.00470     0.00000    -0.00687
     4.27441    -0.00231    -0.00399     0.00000    -0.00630
     4.28441    -0.00248    -0.00354     0.00000    -0.00602
     4.29441    -0.00262    -0.00319     0.00000    -0.00581
     4.30441    -0.00269    -0.00288     0.00000    -0.00557
     4.31441    -0.00268    -0.00259     0.00000    -0.00527
     4.32441    -0.00261    -0.00232     0.00000    -0.00493
     4.33441    -0.00251    -0.00211     0.00000    -0.00462
     4.34441    -0.00241    -0.00199     0.00000    -0.00440
     4.35441    -0.00239    -0.00199     0.00000    -0.00437
     4.36441    -0.00247    -0.00216     0.00000    -0.00463
     4.37441    -0.00268    -0.00257     0.00000    -0.00525
     4.38441    -0.00300    -0.00325     0.00000    -0.00626
     4.39441    -0.00341    -0.00423     0.00000    -0.00764
     4.40441    -0.00385    -0.00551     0.00000    -0.00936
     4.41441    -0.00430    -0.00707     0.00000    -0.01137
     4.42441    -0.00475    -0.00893     0.00000    -0.01368
     4.43441    -0.00524    -0.01113     0.00000    -0.01637
     4.44441    -0.00581    -0.01377     0.00000    -0.01957
     4.45441    -0.00649    -0.01686     0.00000    -0.02335
     4.46441    -0.00728    -0.02032     0.00000    -0.02760
     4.47441    -0.00807    -0.02389     0.00000    -0.03196
     4.48441    -0.00873    -0.02710     0.00000    -0.03582
     4.49441    -0.00907    -0.02944     0.00000    -0.03851
     4.50441    -0.00902    -0.03046     0.00000    -0.03948
     4.51441    -0.00854    -0.02993     0.00000    -0.03847
     4.52441    -0.00774    -0.02800     0.00000    -0.03574
     4.53441    -0.00678    -0.02505     0.00000    -0.03183
     4.54441    -0.00584    -0.02165     0.00000    -0.02749
     4.55441    -0.00507    -0.01830     0.00000    -0.02338
     4.56441    -0.00452    -0.01538     0.00000    -0.01990
     4.57441    -0.00416    -0.01301     0.00000    -0.01717
     4.58441    -0.00390    -0.01112     0.00000    -0.01502
     4.59441    -0.00366    -0.00954     0.00000    -0.01320
     4.60441    -0.00336    -0.00813     0.00000    -0.01149
     4.61441    -0.00301    -0.00679     0.00000    -0.00980
     4.62441    -0.00266    -0.00556     0.00000    -0.00822
     4.63441    -0.00239    -0.00452     0.00000    -0.00691
     4.64441    -0.00229    -0.00380     0.00000    -0.00609
     4.65441    -0.00244    -0.00349     0.00000    -0.00593
     4.66441    -0.00284    -0.00363     0.00000    -0.00647
     4.67441    -0.00346    -0.00418     0.00000    -0.00764
     4.68441    -0.00422    -0.00507     0.00000    -0.00928
     4.69441    -0.00500    -0.00615     0.00000    -0.01115
     4.70441    -0.00570    -0.00733     0.00000    -0.01303
     4.71441    -0.00626    -0.00849     0.00000    -0.01475
     4.72441    -0.00664    -0.00957     0.00000    -0.01621
     4.73441    -0.00687    -0.01055     0.00000    -0.01742
     4.74441    -0.00698    -0.01142     0.00000    -0.01840
     4.75441    -0.00702    -0.01219     0.00000    -0.01921
     4.76441    -0.00702    -0.01286     0.00000    -0.01987
     4.77441    -0.00699    -0.01340     0.00000    -0.02039
     4.78441    -0.00694    -0.01381     0.00000    -0.02075
     4.79441    -0.00686    -0.01407     0.00000    -0.02093
     4.80441    -0.00676    -0.01416     0.00000    -0.02091
     4.81441    -0.00664    -0.01406     0.00000    -0.02070
     4.82441    -0.00653    -0.01380     0.00000    -0.02033
     4.83441    -0.00644    -0.01339     0.00000    -0.01983
     4.84441    -0.00637    -0.01286     0.00000    -0.01923
     4.85441    -0.00627    -0.01225     0.00000    -0.01852
     4.86441    -0.00609    -0.01157     0.00000    -0.01766
     4.87441    -0.00578    -0.01081     0.00000    -0.01658
     4.88441    -0.00529    -0.00995     0.00000    -0.01524
     4.89441    -0.00464    -0.00897     0.00000    -0.01361
     4.90441    -0.00387    -0.00786     0.00000    -0.01173
     4.91541    -0.00304    -0.00665     0.00000    -0.00970
     4.92541    -0.00226    -0.00541     0.00000    -0.00767
     4.93541    -0.00158    -0.00422     0.00000    -0.00581
     4.94541    -0.00106    -0.00319     0.00000    -0.00425
     4.95541    -0.00070    -0.00239     0.00000    -0.00309
     4.96541    -0.00050    -0.00187     0.00000    -0.00237
     4.97541    -0.00042    -0.00168     0.00000    -0.00210
     4.98541    -0.00045    -0.00179     0.00000    -0.00224
     4.99541    -0.00056    -0.00222     0.00000    -0.00278
     5.00541    -0.00075    -0.00298     0.00000    -0.00372
     5.01541    -0.00103    -0.00411     0.00000    -0.00513
     5.02541    -0.00142    -0.00568     0.00000    -0.00710
     5.03541    -0.00195    -0.00776     0.00000    -0.00971
     5.04541    -0.00262    -0.01037     0.00000    -0.01299
     5.05541    -0.00344    -0.01337     0.00000    -0.01681
     5.06541    -0.00434    -0.01654     0.00000    -0.02087
     5.07541    -0.00526    -0.01952     0.00000    -0.02478
     5.08541    -0.00615    -0.02198     0.00000    -0.02813
     5.09541    -0.00694    -0.02365     0.00000    -0.03060
     5.10541    -0.00764    -0.02450     0.00000    -0.03214
     5.11541    -0.00827    -0.02461     0.00000    -0.03288
     5.12541    -0.00887    -0.02421     0.00000    -0.03308
     5.13541    -0.00949    -0.02352     0.00000    -0.03301
     5.14541    -0.01015    -0.02273     0.00000    -0.03288
     5.15541    -0.01086    -0.02197     0.00000    -0.03283
     5.16541    -0.01160    -0.02129     0.00000    -0.03289
     5.17541    -0.01235    -0.02078     0.00000    -0.03313
     5.18541    -0.01304    -0.02047     0.00000    -0.03351
     5.19541    -0.01361    -0.02034     0.00000    -0.03395
     5.20541    -0.01394    -0.02035     0.00000    -0.03429
     5.21541    -0.01395    -0.02041     0.00000    -0.03436
     5.22541    -0.01360    -0.02037     0.00000    -0.03397
     5.23541    -0.01290    -0.02019     0.00000    -0.03309
     5.24541    -0.01195    -0.01985     0.00000    -0.03180
     5.25541    -0.01089    -0.01945     0.00000    -0.03034
     5.26541    -0.00985    -0.01905     0.00000    -0.02890
     5.27541    -0.00894    -0.01867     0.00000    -0.02761
     5.28541    -0.00819    -0.01825     0.00000    -0.02644
     5.29541    -0.00758    -0.01764     0.00000    -0.02523
     5.30541    -0.00707    -0.01670     0.00000    -0.02377
     5.31541    -0.00658    -0.01533     0.00000    -0.02191
     5.32541    -0.00609    -0.01356     0.00000    -0.01965
     5.33541    -0.00559    -0.01152     0.00000    -0.01711
     5.34541    -0.00508    -0.00942     0.00000    -0.01450
     5.35541    -0.00460    -0.00743     0.00000    -0.01202
     5.36541    -0.00414    -0.00571     0.00000    -0.00985
     5.37541    -0.00372    -0.00432     0.00000    -0.00804
     5.38541    -0.00333    -0.00330     0.00000    -0.00662
     5.39541    -0.00297    -0.00260     0.00000    -0.00557
     5.40541    -0.00267    -0.00221     0.00000    -0.00488
     5.41541    -0.00244    -0.00212     0.00000    -0.00456
     5.42541    -0.00235    -0.00237     0.00000    -0.00472
     5.43541    -0.00246    -0.00301     0.00000    -0.00547
     5.44541    -0.00280    -0.00416     0.00000    -0.00696
     5.45541    -0.00342    -0.00589     0.00000    -0.00931
     5.46541    -0.00428    -0.00825     0.00000    -0.01254
     5.47541    -0.00534    -0.01121     0.00000    -0.01655
     5.48541    -0.00650    -0.01460     0.00000    -0.02110
     5.49541    -0.00766    -0.01814     0.00000    -0.02580
     5.50541    -0.00869    -0.02147     0.00000    -0.03015
     5.51541    -0.00949    -0.02417     0.00000    -0.03366
     5.52541    -0.00998    -0.02593     0.00000    -0.03591
     5.53541    -0.01012    -0.02658     0.00000    -0.03670
     5.54541    -0.00993    -0.02610     0.00000    -0.03603
     5.55541    -0.00947    -0.02468     0.00000    -0.03415
     5.56541    -0.00884    -0.02260     0.00000    -0.03144
     5.57541    -0.00814    -0.02021     0.00000    -0.02835
     5.58541    -0.00746    -0.01777     0.00000    -0.02523
     5.59541    -0.00685    -0.01549     0.00000    -0.02234
     5.60541    -0.00631    -0.01350     0.00000    -0.01981
     5.61541    -0.00586    -0.01186     0.00000    -0.01772
     5.62541    -0.00549    -0.01062     0.00000    -0.01611
     5.63541    -0.00523    -0.00982     0.00000    -0.01505
     5.64541    -0.00509    -0.00949     0.00000    -0.01458
     5.65541    -0.00508    -0.00961     0.00000    -0.01468
     5.66541    -0.00517    -0.01007     0.00000    -0.01524
     5.67541    -0.00531    -0.01072     0.00000    -0.01603
     5.68541    -0.00541    -0.01138     0.00000    -0.01679
     5.69541    -0.00544    -0.01187     0.00000    -0.01731
     5.70541    -0.00536    -0.01215     0.00000    -0.01751
     5.71541    -0.00523    -0.01223     0.00000    -0.01747
     5.72541    -0.00512    -0.01226     0.00000    -0.01738
     5.73541    -0.00510    -0.01239     0.00000    -0.01749
     5.74541    -0.00523    -0.01276     0.00000    -0.01800
     5.75541    -0.00553    -0.01340     0.00000    -0.01893
     5.76541    -0.00595    -0.01423     0.00000    -0.02018
     5.77541    -0.00641    -0.01507     0.00000    -0.02148
     5.78541    -0.00681    -0.01571     0.00000    -0.02252
     5.79541    -0.00709    -0.01598     0.00000    -0.02307
     5.80541    -0.00722    -0.01577     0.00000    -0.02299
     5.81541    -0.00722    -0.01518     0.00000    -0.02240
     5.82541    -0.00715    -0.01434     0.00000    -0.02150
     5.83541    -0.00709    -0.01346     0.00000    -0.02055
     5.84541    -0.00707    -0.01269     0.00000    -0.01976
     5.85541    -0.00707    -0.01210     0.00000    -0.01917
     5.86541    -0.00706    -0.01169     0.00000    -0.01875
     5.87541    -0.00701    -0.01140     0.00000    -0.01841
     5.88541    -0.00690    -0.01122     0.00000    -0.01811
     5.89541    -0.00676    -0.01117     0.00000    -0.01793
     5.90541    -0.00666    -0.01137     0.00000    -0.01803
     5.91641    -0.00665    -0.01195     0.00000    -0.01860
     5.92641    -0.00677    -0.01297     0.00000    -0.01974
     5.93641    -0.00701    -0.01445     0.00000    -0.02146
     5.94641    -0.00731    -0.01626     0.00000    -0.02357
     5.95641    -0.00761    -0.01818     0.00000    -0.02579
     5.96641    -0.00781    -0.01995     0.00000    -0.02776
     5.97641    -0.00786    -0.02132     0.00000    -0.02918
     5.98641    -0.00772    -0.02204     0.00000    -0.02976
     5.99641    -0.00739    -0.02199     0.00000    -0.02938
     6.00641    -0.00687    -0.02117     0.00000    -0.02804
     6.01641    -0.00624    -0.01971     0.00000    -0.02595
     6.02641    -0.00556    -0.01788     0.00000    -0.02345
     6.03641    -0.00495    -0.01603     0.00000    -0.02098
     6.04641    -0.00448    -0.01447     0.00000    -0.01896
     6.05641    -0.00426    -0.01345     0.00000    -0.01772
     6.06641    -0.00434    -0.01310     0.00000    -0.01744
     6.07641    -0.00477    -0.01342     0.00000    -0.01819
     6.08641    -0.00556    -0.01437     0.00000    -0.01994
     6.09641    -0.00672    -0.01585     0.00000    -0.02257
     6.10641    -0.00817    -0.01769     0.00000    -0.02587
     6.11641    -0.00980    -0.01971     0.00000    -0.02951
     6.12641    -0.01143    -0.02161     0.00000    -0.03304
     6.13641    -0.01285    -0.02311     0.00000    -0.03596
     6.14641    -0.01385    -0.02395     0.00000    -0.03780
     6.15641    -0.01430    -0.02398     0.00000    -0.03828
     6.16641    -0.01413    -0.02315     0.00000    -0.03728
     6.17641    -0.01342    -0.02159     0.00000    -0.03501
     6.18641    -0.01228    -0.01956     0.00000    -0.03183
     6.19641    -0.01091    -0.01731     0.00000    -0.02822
     6.20641    -0.00951    -0.01514     0.00000    -0.02465
     6.21641    -0.00824    -0.01327     0.00000    -0.02151
     6.22641    -0.00722    -0.01181     0.00000    -0.01903
     6.23641    -0.00649    -0.01076     0.00000    -0.01725
     6.24641    -0.00605    -0.01006     0.00000    -0.01611
     6.25641    -0.00585    -0.00959     0.00000    -0.01545
     6.26641    -0.00586    -0.00927     0.00000    -0.01513
     6.27641    -0.00604    -0.00903     0.00000    -0.01507
     6.28641    -0.00634    -0.00886     0.00000    -0.01519
     6.29641    -0.00673    -0.00877     0.00000    -0.01550
     6.30641    -0.00720    -0.00878     0.00000    -0.01598
     6.31641    -0.00769    -0.00892     0.00000    -0.01661
     6.32641    -0.00817    -0.00915     0.00000    -0.01732
     6.33641    -0.00857    -0.00940     0.00000    -0.01798
     6.34641    -0.00885    -0.00957     0.00000    -0.01842
     6.35641    -0.00890    -0.00954     0.00000    -0.01844
     6.36641    -0.00869    -0.00920     0.00000    -0.01789
     6.37641    -0.00819    -0.00854     0.00000    -0.01673
     6.38641    -0.00744    -0.00763     0.00000    -0.01507
     6.39641    -0.00654    -0.00660     0.00000    -0.01315
     6.40641    -0.00565    -0.00569     0.00000    -0.01134
     6.41641    -0.00492    -0.00511     0.00000    -0.01002
     6.42641    -0.00447    -0.00504     0.00000    -0.00951
     6.43641    -0.00436    -0.00558     0.00000    -0.00995
     6.44641    -0.00459    -0.00671     0.00000    -0.01130
     6.45641    -0.00505    -0.00825     0.00000    -0.01331
     6.46641    -0.00563    -0.00996     0.00000    -0.01559
     6.47641    -0.00619    -0.01153     0.00000    -0.01771
     6.48641    -0.00663    -0.01275     0.00000    -0.01937
     6.49641    -0.00692    -0.01351     0.00000    -0.02044
     6.50641    -0.00711    -0.01388     0.00000    -0.02099
     6.51641    -0.00726    -0.01400     0.00000    -0.02126
     6.52641    -0.00747    -0.01404     0.00000    -0.02151
     6.53641    -0.00779    -0.01412     0.00000    -0.02191
     6.54641    -0.00822    -0.01434     0.00000    -0.02256
     6.55641    -0.00872    -0.01467     0.00000    -0.02339
     6.56641    -0.00921    -0.01511     0.00000    -0.02432
     6.57641    -0.00962    -0.01561     0.00000    -0.02523
     6.58641    -0.00990    -0.01613     0.00000    -0.02603
     6.59641    -0.01001    -0.01662     0.00000    -0.02663
     6.60641    -0.00998    -0.01705     0.00000    -0.02703
     6.61641    -0.00986    -0.01738     0.00000    -0.02723
     6.62641    -0.00970    -0.01758     0.00000    -0.02728
     6.63641    -0.00953    -0.01766     0.00000    -0.02720
     6.64641    -0.00938    -0.01761     0.00000    -0.02699
     6.65641    -0.00922    -0.01743     0.00000    -0.02665
     6.66641    -0.00899    -0.01712     0.00000    -0.02611
     6.67641    -0.00866    -0.01664     0.00000    -0.02530
     6.68641    -0.00819    -0.01601     0.00000    -0.02420
     6.69641    -0.00759    -0.01526     0.00000    -0.02285
     6.70641    -0.00693    -0.01447     0.00000    -0.02140
     6.71641    -0.00630    -0.01380     0.00000    -0.02010
     6.72641    -0.00584    -0.01341     0.00000    -0.01925
     6.73641    -0.00569    -0.01347     0.00000    -0.01916
     6.74641    -0.00596    -0.01409     0.00000    -0.02005
     6.75641    -0.00668    -0.01529     0.00000    -0.02198
     6.76641    -0.00786    -0.01696     0.00000    -0.02482
     6.77641    -0.00936    -0.01889     0.00000    -0.02825
     6.78641    -0.01099    -0.02081     0.00000    -0.03180
     6.79641    -0.01251    -0.02242     0.00000    -0.03493
     6.80641    -0.01368    -0.02347     0.00000    -0.03715
     6.81641    -0.01429    -0.02378     0.00000    -0.03807
     6.82641    -0.01427    -0.02329     0.00000    -0.03756
     6.83641    -0.01363    -0.02206     0.00000    -0.03569
     6.84641    -0.01253    -0.02025     0.00000    -0.03277
     6.85641    -0.01116    -0.01810     0.00000    -0.02926
     6.86641    -0.00975    -0.01585     0.00000    -0.02560
     6.87641    -0.00849    -0.01372     0.00000    -0.02222
     6.88641    -0.00752    -0.01189     0.00000    -0.01941
     6.89641    -0.00688    -0.01048     0.00000    -0.01736
     6.90641    -0.00656    -0.00954     0.00000    -0.01609
     6.91741    -0.00647    -0.00904     0.00000    -0.01551
     6.92741    -0.00651    -0.00891     0.00000    -0.01541
     6.93741    -0.00654    -0.00899     0.00000    -0.01553
     6.94741    -0.00645    -0.00915     0.00000    -0.01560
     6.95741    -0.00620    -0.00924     0.00000    -0.01544
     6.96741    -0.00576    -0.00917     0.00000    -0.01494
     6.97741    -0.00517    -0.00893     0.00000    -0.01410
     6.98741    -0.00450    -0.00850     0.00000    -0.01300
     6.99741    -0.00382    -0.00793     0.00000    -0.01175
     7.00741    -0.00319    -0.00725     0.00000    -0.01044
     7.01741    -0.00267    -0.00649     0.00000    -0.00916
     7.02741    -0.00228    -0.00569     0.00000    -0.00797
     7.03741    -0.00204    -0.00492     0.00000    -0.00696
     7.04741    -0.00200    -0.00427     0.00000    -0.00626
     7.05741    -0.00218    -0.00384     0.00000    -0.00602
     7.06741    -0.00265    -0.00376     0.00000    -0.00640
     7.07741    -0.00345    -0.00411     0.00000    -0.00756
     7.08741    -0.00462    -0.00498     0.00000    -0.00960
     7.09741    -0.00617    -0.00641     0.00000    -0.01258
     7.10741    -0.00807    -0.00839     0.00000    -0.01646
     7.11741    -0.01023    -0.01086     0.00000    -0.02108
     7.12741    -0.01249    -0.01369     0.00000    -0.02619
     7.13741    -0.01469    -0.01672     0.00000    -0.03141
     7.14741    -0.01659    -0.01971     0.00000    -0.03630
     7.15741    -0.01799    -0.02241     0.00000    -0.04040
     7.16741    -0.01877    -0.02458     0.00000    -0.04335
     7.17741    -0.01885    -0.02607     0.00000    -0.04492
     7.18741    -0.01828    -0.02678     0.00000    -0.04506
     7.19741    -0.01718    -0.02678     0.00000    -0.04396
     7.20741    -0.01576    -0.02615     0.00000    -0.04191
     7.21741    -0.01426    -0.02510     0.00000    -0.03936
     7.22741    -0.01291    -0.02382     0.00000    -0.03673
     7.23741    -0.01187    -0.02248     0.00000    -0.03435
     7.24741    -0.01123    -0.02123     0.00000    -0.03246
     7.25741    -0.01098    -0.02012     0.00000    -0.03110
     7.26741    -0.01100    -0.01917     0.00000    -0.03017
     7.27741    -0.01115    -0.01831     0.00000    -0.02946
     7.28741    -0.01126    -0.01748     0.00000    -0.02874
     7.29741    -0.01121    -0.01658     0.00000    -0.02778
     7.30741    -0.01092    -0.01553     0.00000    -0.02645
     7.31741    -0.01039    -0.01434     0.00000    -0.02473
     7.32741    -0.00970    -0.01304     0.00000    -0.02275
     7.33741    -0.00896    -0.01174     0.00000    -0.02070
     7.34741    -0.00829    -0.01056     0.00000    -0.01885
     7.35741    -0.00779    -0.00960     0.00000    -0.01739
     7.36741    -0.00752    -0.00897     0.00000    -0.01649
     7.37741    -0.00752    -0.00871     0.00000    -0.01623
     7.38741    -0.00778    -0.00888     0.00000    -0.01666
     7.39741    -0.00828    -0.00949     0.00000    -0.01777
     7.40741    -0.00901    -0.01053     0.00000    -0.01954
     7.41741    -0.00991    -0.01198     0.00000    -0.02189
     7.42741    -0.01094    -0.01380     0.00000    -0.02474
     7.43741    -0.01206    -0.01591     0.00000    -0.02798
     7.44741    -0.01325    -0.01826     0.00000    -0.03152
     7.45741    -0.01448    -0.02078     0.00000    -0.03526
     7.46741    -0.01571    -0.02332     0.00000    -0.03903
     7.47741    -0.01683    -0.02564     0.00000    -0.04247
     7.48741    -0.01770    -0.02744     0.00000    -0.04514
     7.49741    -0.01813    -0.02841     0.00000    -0.04654
     7.50741    -0.01802    -0.02834     0.00000    -0.04636
     7.51741    -0.01733    -0.02723     0.00000    -0.04456
     7.52741    -0.01620    -0.02531     0.00000    -0.04151
     7.53741    -0.01485    -0.02295     0.00000    -0.03780
     7.54741    -0.01353    -0.02056     0.00000    -0.03409
     7.55741    -0.01242    -0.01851     0.00000    -0.03094
     7.56741    -0.01162    -0.01698     0.00000    -0.02861
     7.57741    -0.01112    -0.01597     0.00000    -0.02709
     7.58741    -0.01083    -0.01538     0.00000    -0.02621
     7.59741    -0.01067    -0.01505     0.00000    -0.02572
     7.60741    -0.01057    -0.01483     0.00000    -0.02540
     7.61741    -0.01048    -0.01462     0.00000    -0.02510
     7.62741    -0.01039    -0.01436     0.00000    -0.02475
     7.63741    -0.01031    -0.01403     0.00000    -0.02433
     7.64741    -0.01021    -0.01363     0.00000    -0.02384
     7.65741    -0.01010    -0.01318     0.00000    -0.02328
     7.66741    -0.00995    -0.01270     0.00000    -0.02266
     7.67741    -0.00979    -0.01227     0.00000    -0.02205
     7.68741    -0.00965    -0.01197     0.00000    -0.02161
     7.69741    -0.00961    -0.01192     0.00000    -0.02153
     7.70741    -0.00975    -0.01223     0.00000    -0.02198
     7.71741    -0.01012    -0.01294     0.00000    -0.02306
     7.72741    -0.01072    -0.01400     0.00000    -0.02472
     7.73741    -0.01150    -0.01530     0.00000    -0.02679
     7.74741    -0.01235    -0.01665     0.00000    -0.02900
     7.75741    -0.01317    -0.01788     0.00000    -0.03105
     7.76741    -0.01385    -0.01884     0.00000    -0.03268
     7.77741    -0.01429    -0.01941     0.00000    -0.03370
     7.78741    -0.01447    -0.01957     0.00000    -0.03404
     7.79741    -0.01437    -0.01932     0.00000    -0.03369
     7.80741    -0.01403    -0.01874     0.00000    -0.03277
     7.81741    -0.01352    -0.01792     0.00000    -0.03144
     7.82741    -0.01292    -0.01694     0.00000    -0.02986
     7.83741    -0.01227    -0.01588     0.00000    -0.02815
     7.84741    -0.01163    -0.01480     0.00000    -0.02643
     7.85741    -0.01103    -0.01375     0.00000    -0.02478
     7.86741    -0.01049    -0.01280     0.00000    -0.02329
     7.87741    -0.01003    -0.01198     0.00000    -0.02202
     7.88741    -0.00965    -0.01136     0.00000    -0.02101
     7.89741    -0.00933    -0.01093     0.00000    -0.02025
     7.90741    -0.00904    -0.01064     0.00000    -0.01968
     7.91841    -0.00875    -0.01043     0.00000    -0.01919
     7.92841    -0.00844    -0.01023     0.00000    -0.01867
     7.93841    -0.00811    -0.00996     0.00000    -0.01808
     7.94841    -0.00781    -0.00966     0.00000    -0.01747
     7.95841    -0.00761    -0.00936     0.00000    -0.01697
     7.96841    -0.00756    -0.00914     0.00000    -0.01670
     7.97841    -0.00768    -0.00906     0.00000    -0.01674
     7.98841    -0.00792    -0.00911     0.00000    -0.01703
     7.99841    -0.00817    -0.00924     0.00000    -0.01740
     8.00841    -0.00830    -0.00933     0.00000    -0.01763
     8.01841    -0.00820    -0.00933     0.00000    -0.01753
     8.02841    -0.00785    -0.00918     0.00000    -0.01703
     8.03841    -0.00731    -0.00893     0.00000    -0.01624
     8.04841    -0.00671    -0.00867     0.00000    -0.01538
     8.05841    -0.00618    -0.00850     0.00000    -0.01468
     8.06841    -0.00586    -0.00853     0.00000    -0.01438
     8.07841    -0.00581    -0.00881     0.00000    -0.01462
     8.08841    -0.00606    -0.00938     0.00000    -0.01544
     8.09841    -0.00658    -0.01021     0.00000    -0.01680
     8.10841    -0.00731    -0.01126     0.00000    -0.01856
     8.11841    -0.00814    -0.01241     0.00000    -0.02055
     8.12841    -0.00898    -0.01355     0.00000    -0.02254
     8.13841    -0.00973    -0.01454     0.00000    -0.02427
     8.14841    -0.01030    -0.01527     0.00000    -0.02557
     8.15841    -0.01067    -0.01565     0.00000    -0.02632
     8.16841    -0.01084    -0.01571     0.00000    -0.02655
     8.17841    -0.01088    -0.01552     0.00000    -0.02640
     8.18841    -0.01087    -0.01519     0.00000    -0.02606
     8.19841    -0.01088    -0.01485     0.00000    -0.02573
     8.20841    -0.01098    -0.01459     0.00000    -0.02557
     8.21841    -0.01119    -0.01448     0.00000    -0.02567
     8.22841    -0.01153    -0.01451     0.00000    -0.02604
     8.23841    -0.01197    -0.01465     0.00000    -0.02662
     8.24841    -0.01248    -0.01484     0.00000    -0.02732
     8.25841    -0.01302    -0.01501     0.00000    -0.02802
     8.26841    -0.01353    -0.01513     0.00000    -0.02865
     8.27841    -0.01400    -0.01520     0.00000    -0.02919
     8.28841    -0.01444    -0.01524     0.00000    -0.02968
     8.29841    -0.01485    -0.01531     0.00000    -0.03016
     8.30841    -0.01525    -0.01541     0.00000    -0.03066
     8.31841    -0.01558    -0.01554     0.00000    -0.03112
     8.32841    -0.01577    -0.01560     0.00000    -0.03137
     8.33841    -0.01571    -0.01549     0.00000    -0.03120
     8.34841    -0.01531    -0.01510     0.00000    -0.03041
     8.35841    -0.01453    -0.01438     0.00000    -0.02891
     8.36841    -0.01341    -0.01335     0.00000    -0.02677
     8.37841    -0.01208    -0.01211     0.00000    -0.02419
     8.38841    -0.01067    -0.01083     0.00000    -0.02150
     8.39841    -0.00936    -0.00969     0.00000    -0.01906
     8.40841    -0.00832    -0.00887     0.00000    -0.01718
