     #Energy           s           p           d       tot  
    -1.59159   247.49000   526.60000     0.00000   774.09000
    -1.58159     0.00004     0.05075     0.00000     0.05079
    -1.57159     0.00004     0.05220     0.00000     0.05224
    -1.56159     0.00005     0.06125     0.00000     0.06130
    -1.55159     0.00007     0.07574     0.00000     0.07580
    -1.54159     0.00008     0.09211     0.00000     0.09219
    -1.53159     0.00010     0.10617     0.00000     0.10626
    -1.52159     0.00010     0.11416     0.00000     0.11426
    -1.51159     0.00010     0.11388     0.00000     0.11398
    -1.50159     0.00009     0.10519     0.00000     0.10528
    -1.49159     0.00008     0.09010     0.00000     0.09018
    -1.48159     0.00006     0.07199     0.00000     0.07206
    -1.47159     0.00005     0.05446     0.00000     0.05450
    -1.46159     0.00003     0.04043     0.00000     0.04046
    -1.45159     0.00002     0.03150     0.00000     0.03153
    -1.44159     0.00002     0.02801     0.00000     0.02803
    -1.43159     0.00001     0.02914     0.00000     0.02915
    -1.42159     0.00001     0.03341     0.00000     0.03342
    -1.41159     0.00001     0.03906     0.00000     0.03907
    -1.40159     0.00001     0.04441     0.00000     0.04442
    -1.39159     0.00001     0.04814     0.00000     0.04815
    -1.38159     0.00001     0.04940     0.00000     0.04941
    -1.37159     0.00001     0.04798     0.00000     0.04800
    -1.36159     0.00001     0.04414     0.00000     0.04415
    -1.35159     0.00001     0.03848     0.00000     0.03849
    -1.34159     0.00001     0.03178     0.00000     0.03178
    -1.33159     0.00001     0.02483     0.00000     0.02484
    -1.32159     0.00000     0.01838     0.00000     0.01839
    -1.31159     0.00000     0.01296     0.00000     0.01296
    -1.30159     0.00000     0.00894     0.00000     0.00894
    -1.29159     0.00000     0.00653     0.00000     0.00653
    -1.28159     0.00000     0.00586     0.00000     0.00586
    -1.27159     0.00000     0.00706     0.00000     0.00706
    -1.26159     0.00001     0.01036     0.00000     0.01037
    -1.25159     0.00001     0.01615     0.00000     0.01616
    -1.24159     0.00002     0.02504     0.00000     0.02506
    -1.23159     0.00002     0.03808     0.00000     0.03810
    -1.22159     0.00003     0.05683     0.00000     0.05686
    -1.21159     0.00004     0.08340     0.00000     0.08344
    -1.20159     0.00005     0.12009     0.00000     0.12014
    -1.19159     0.00006     0.16864     0.00000     0.16870
    -1.18159     0.00007     0.22914     0.00000     0.22921
    -1.17159     0.00009     0.29934     0.00000     0.29943
    -1.16159     0.00011     0.37402     0.00000     0.37413
    -1.15159     0.00013     0.44650     0.00000     0.44663
    -1.14159     0.00015     0.50964     0.00000     0.50979
    -1.13159     0.00016     0.55700     0.00000     0.55716
    -1.12159     0.00017     0.58450     0.00000     0.58467
    -1.11159     0.00017     0.58993     0.00000     0.59010
    -1.10159     0.00017     0.57280     0.00000     0.57297
    -1.09059     0.00016     0.53402     0.00000     0.53418
    -1.08059     0.00015     0.47647     0.00000     0.47662
    -1.07059     0.00013     0.40497     0.00000     0.40510
    -1.06059     0.00011     0.32680     0.00000     0.32691
    -1.05059     0.00009     0.24975     0.00000     0.24984
    -1.04059     0.00008     0.18122     0.00000     0.18130
    -1.03059     0.00007     0.12613     0.00000     0.12620
    -1.02059     0.00007     0.08616     0.00000     0.08623
    -1.01059     0.00008     0.06003     0.00000     0.06011
    -1.00059     0.00008     0.04442     0.00000     0.04450
    -0.99059     0.00009     0.03548     0.00000     0.03557
    -0.98059     0.00008     0.02987     0.00000     0.02995
    -0.97059     0.00008     0.02533     0.00000     0.02540
    -0.96059     0.00007     0.02081     0.00000     0.02088
    -0.95059     0.00005     0.01618     0.00000     0.01623
    -0.94059     0.00004     0.01175     0.00000     0.01179
    -0.93059     0.00003     0.00792     0.00000     0.00795
    -0.92059     0.00002     0.00495     0.00000     0.00497
    -0.91059     0.00001     0.00287     0.00000     0.00288
    -0.90059     0.00001     0.00157     0.00000     0.00157
    -0.89059     0.00000     0.00089     0.00000     0.00089
    -0.88059     0.00000     0.00071     0.00000     0.00071
    -0.87059     0.00000     0.00104     0.00000     0.00104
    -0.86059     0.00000     0.00207     0.00000     0.00207
    -0.85059     0.00000     0.00423     0.00000     0.00423
    -0.84059     0.00000     0.00813     0.00000     0.00813
    -0.83059     0.00000     0.01447     0.00000     0.01447
    -0.82059     0.00001     0.02379     0.00000     0.02379
    -0.81059     0.00001     0.03612     0.00000     0.03613
    -0.80059     0.00001     0.05065     0.00000     0.05067
    -0.79059     0.00002     0.06559     0.00000     0.06560
    -0.78059     0.00002     0.07845     0.00000     0.07846
    -0.77059     0.00002     0.08662     0.00000     0.08664
    -0.76059     0.00002     0.08834     0.00000     0.08836
    -0.75059     0.00002     0.08319     0.00000     0.08321
    -0.74059     0.00002     0.07235     0.00000     0.07237
    -0.73059     0.00001     0.05810     0.00000     0.05811
    -0.72059     0.00001     0.04309     0.00000     0.04310
    -0.71059     0.00001     0.02951     0.00000     0.02952
    -0.70059     0.00000     0.01866     0.00000     0.01867
    -0.69059     0.00000     0.01090     0.00000     0.01090
    -0.68059     0.00000     0.00588     0.00000     0.00588
    -0.67059     0.00000     0.00293     0.00000     0.00293
    -0.66059     0.00000     0.00135     0.00000     0.00135
    -0.65059     0.00000     0.00057     0.00000     0.00057
    -0.64059     0.00000     0.00022     0.00000     0.00022
    -0.63059     0.00000     0.00008     0.00000     0.00008
    -0.62059     0.00000     0.00003     0.00000     0.00003
    -0.61059     0.00000     0.00001     0.00000     0.00001
    -0.60059     0.00000     0.00000     0.00000     0.00000
    -0.59059     0.00000     0.00000     0.00000     0.00000
    -0.58059     0.00000     0.00000     0.00000     0.00000
    -0.57059     0.00000     0.00000     0.00000     0.00000
    -0.56059     0.00000     0.00000     0.00000     0.00000
    -0.55059     0.00000     0.00001     0.00000     0.00001
    -0.54059     0.00000     0.00004     0.00000     0.00004
    -0.53059     0.00000     0.00010     0.00000     0.00010
    -0.52059     0.00000     0.00025     0.00000     0.00025
    -0.51059     0.00000     0.00055     0.00000     0.00055
    -0.50059     0.00000     0.00112     0.00000     0.00112
    -0.49059     0.00000     0.00211     0.00000     0.00211
    -0.48059     0.00000     0.00367     0.00000     0.00367
    -0.47059     0.00000     0.00588     0.00000     0.00589
    -0.46059     0.00001     0.00872     0.00000     0.00873
    -0.45059     0.00001     0.01194     0.00000     0.01195
    -0.44059     0.00001     0.01509     0.00000     0.01510
    -0.43059     0.00001     0.01764     0.00000     0.01765
    -0.42059     0.00001     0.01903     0.00000     0.01904
    -0.41059     0.00001     0.01900     0.00000     0.01902
    -0.40059     0.00001     0.01763     0.00000     0.01765
    -0.39059     0.00001     0.01539     0.00000     0.01540
    -0.38059     0.00001     0.01303     0.00000     0.01304
    -0.37059     0.00001     0.01154     0.00000     0.01155
    -0.36059     0.00001     0.01191     0.00000     0.01191
    -0.35059     0.00001     0.01509     0.00000     0.01510
    -0.34059     0.00001     0.02183     0.00000     0.02184
    -0.33059     0.00002     0.03238     0.00000     0.03240
    -0.32059     0.00003     0.04631     0.00000     0.04634
    -0.31059     0.00004     0.06225     0.00000     0.06229
    -0.30059     0.00005     0.07807     0.00000     0.07812
    -0.29059     0.00006     0.09125     0.00000     0.09131
    -0.28059     0.00007     0.09974     0.00000     0.09981
    -0.27059     0.00008     0.10254     0.00000     0.10261
    -0.26059     0.00008     0.09999     0.00000     0.10007
    -0.25059     0.00008     0.09352     0.00000     0.09359
    -0.24059     0.00007     0.08486     0.00000     0.08493
    -0.23059     0.00007     0.07542     0.00000     0.07549
    -0.22059     0.00006     0.06592     0.00000     0.06599
    -0.21059     0.00006     0.05644     0.00000     0.05650
    -0.20059     0.00005     0.04692     0.00000     0.04696
    -0.19059     0.00004     0.03742     0.00000     0.03745
    -0.18059     0.00003     0.02830     0.00000     0.02833
    -0.17059     0.00002     0.02013     0.00000     0.02015
    -0.16059     0.00001     0.01338     0.00000     0.01340
    -0.15059     0.00001     0.00827     0.00000     0.00828
    -0.14059     0.00001     0.00475     0.00000     0.00475
    -0.13059     0.00000     0.00252     0.00000     0.00252
    -0.12059     0.00000     0.00124     0.00000     0.00124
    -0.11059     0.00000     0.00056     0.00000     0.00056
    -0.10059     0.00000     0.00024     0.00000     0.00024
    -0.08959     0.00000     0.00009     0.00000     0.00009
    -0.07959     0.00000     0.00003     0.00000     0.00003
    -0.06959     0.00000     0.00001     0.00000     0.00001
    -0.05959     0.00000     0.00000     0.00000     0.00000
    -0.04959     0.00000     0.00000     0.00000     0.00000
    -0.03959     0.00000     0.00000     0.00000     0.00000
    -0.02959     0.00000     0.00000     0.00000     0.00000
    -0.01959     0.00000     0.00000     0.00000     0.00000
    -0.00959     0.00000     0.00000     0.00000     0.00000
     0.00041     0.00000     0.00000     0.00000     0.00000
     0.01041     0.00000     0.00000     0.00000     0.00000
     0.02041     0.00000     0.00000     0.00000     0.00000
     0.03041     0.00000     0.00000     0.00000     0.00000
     0.04041     0.00000     0.00000     0.00000     0.00000
     0.05041     0.00000     0.00000     0.00000     0.00000
     0.06041     0.00000     0.00000     0.00000     0.00000
     0.07041     0.00000     0.00000     0.00000     0.00000
     0.08041     0.00000     0.00000     0.00000     0.00000
     0.09041     0.00000     0.00000     0.00000     0.00000
     0.10041     0.00000     0.00000     0.00000     0.00000
     0.11041     0.00000     0.00000     0.00000     0.00000
     0.12041     0.00000     0.00000     0.00000     0.00000
     0.13041     0.00000     0.00000     0.00000     0.00000
     0.14041     0.00000     0.00000     0.00000     0.00000
     0.15041     0.00000     0.00000     0.00000     0.00000
     0.16041     0.00000     0.00000     0.00000     0.00000
     0.17041     0.00000     0.00000     0.00000     0.00000
     0.18041     0.00000     0.00000     0.00000     0.00000
     0.19041     0.00000     0.00000     0.00000     0.00000
     0.20041     0.00000     0.00000     0.00000     0.00000
     0.21041     0.00000     0.00000     0.00000     0.00000
     0.22041     0.00000     0.00000     0.00000     0.00000
     0.23041     0.00000     0.00000     0.00000     0.00000
     0.24041     0.00000     0.00000     0.00000     0.00000
     0.25041     0.00000     0.00000     0.00000     0.00000
     0.26041     0.00000     0.00000     0.00000     0.00000
     0.27041     0.00000     0.00001     0.00000     0.00001
     0.28041     0.00000     0.00004     0.00000     0.00004
     0.29041     0.00000     0.00011     0.00000     0.00011
     0.30041     0.00000     0.00031     0.00000     0.00031
     0.31041     0.00000     0.00080     0.00000     0.00080
     0.32041     0.00000     0.00191     0.00000     0.00191
     0.33041     0.00000     0.00421     0.00000     0.00421
     0.34041     0.00000     0.00857     0.00000     0.00857
     0.35041     0.00000     0.01609     0.00000     0.01610
     0.36041     0.00001     0.02791     0.00000     0.02792
     0.37041     0.00001     0.04470     0.00000     0.04472
     0.38041     0.00002     0.06613     0.00000     0.06615
     0.39041     0.00003     0.09035     0.00000     0.09038
     0.40041     0.00003     0.11396     0.00000     0.11399
     0.41041     0.00004     0.13277     0.00000     0.13281
     0.42041     0.00004     0.14282     0.00000     0.14286
     0.43041     0.00004     0.14189     0.00000     0.14193
     0.44041     0.00004     0.13016     0.00000     0.13020
     0.45041     0.00003     0.11028     0.00000     0.11031
     0.46041     0.00003     0.08628     0.00000     0.08631
     0.47041     0.00002     0.06232     0.00000     0.06234
     0.48041     0.00001     0.04159     0.00000     0.04160
     0.49041     0.00001     0.02561     0.00000     0.02562
     0.50041     0.00000     0.01457     0.00000     0.01458
     0.51041     0.00000     0.00766     0.00000     0.00766
     0.52041     0.00000     0.00372     0.00000     0.00372
     0.53041     0.00000     0.00166     0.00000     0.00166
     0.54041     0.00000     0.00069     0.00000     0.00069
     0.55041     0.00000     0.00026     0.00000     0.00026
     0.56041     0.00000     0.00009     0.00000     0.00009
     0.57041     0.00000     0.00003     0.00000     0.00003
     0.58041     0.00000     0.00001     0.00000     0.00001
     0.59041     0.00000     0.00001     0.00000     0.00001
     0.60041     0.00000     0.00002     0.00000     0.00002
     0.61041     0.00000     0.00007     0.00000     0.00007
     0.62041     0.00000     0.00021     0.00000     0.00021
     0.63041     0.00000     0.00057     0.00000     0.00057
     0.64041     0.00000     0.00145     0.00000     0.00145
     0.65041     0.00000     0.00341     0.00000     0.00341
     0.66041     0.00000     0.00741     0.00000     0.00741
     0.67041     0.00001     0.01487     0.00000     0.01488
     0.68041     0.00001     0.02757     0.00000     0.02759
     0.69041     0.00002     0.04724     0.00000     0.04727
     0.70041     0.00004     0.07485     0.00000     0.07488
     0.71041     0.00005     0.10972     0.00000     0.10977
     0.72041     0.00007     0.14905     0.00000     0.14912
     0.73041     0.00009     0.18818     0.00000     0.18827
     0.74041     0.00011     0.22184     0.00000     0.22195
     0.75041     0.00013     0.24607     0.00000     0.24620
     0.76041     0.00014     0.26007     0.00000     0.26021
     0.77041     0.00015     0.26652     0.00000     0.26667
     0.78041     0.00016     0.27071     0.00000     0.27087
     0.79041     0.00017     0.27785     0.00000     0.27802
     0.80041     0.00019     0.29098     0.00000     0.29117
     0.81041     0.00021     0.30950     0.00000     0.30971
     0.82041     0.00023     0.32938     0.00000     0.32961
     0.83041     0.00025     0.34503     0.00000     0.34528
     0.84041     0.00026     0.35077     0.00000     0.35103
     0.85041     0.00026     0.34276     0.00000     0.34302
     0.86041     0.00024     0.31995     0.00000     0.32019
     0.87041     0.00022     0.28410     0.00000     0.28432
     0.88041     0.00019     0.23952     0.00000     0.23971
     0.89041     0.00015     0.19236     0.00000     0.19251
     0.90041     0.00013     0.14930     0.00000     0.14943
     0.91141     0.00012     0.11639     0.00000     0.11651
     0.92141     0.00013     0.09803     0.00000     0.09816
     0.93141     0.00016     0.09623     0.00000     0.09639
     0.94141     0.00022     0.11012     0.00000     0.11033
     0.95141     0.00029     0.13583     0.00000     0.13612
     0.96141     0.00037     0.16701     0.00000     0.16738
     0.97141     0.00044     0.19580     0.00000     0.19624
     0.98141     0.00049     0.21468     0.00000     0.21517
     0.99141     0.00050     0.21845     0.00000     0.21895
     1.00141     0.00047     0.20600     0.00000     0.20647
     1.01141     0.00042     0.18002     0.00000     0.18044
     1.02141     0.00035     0.14621     0.00000     0.14656
     1.03141     0.00028     0.11155     0.00000     0.11184
     1.04141     0.00024     0.08176     0.00000     0.08200
     1.05141     0.00022     0.06042     0.00000     0.06063
     1.06141     0.00022     0.04866     0.00000     0.04889
     1.07141     0.00026     0.04565     0.00000     0.04591
     1.08141     0.00032     0.04946     0.00000     0.04978
     1.09141     0.00038     0.05772     0.00000     0.05810
     1.10141     0.00044     0.06799     0.00000     0.06843
     1.11141     0.00050     0.07802     0.00000     0.07851
     1.12141     0.00053     0.08572     0.00000     0.08624
     1.13141     0.00053     0.08937     0.00000     0.08990
     1.14141     0.00051     0.08794     0.00000     0.08845
     1.15141     0.00046     0.08130     0.00000     0.08176
     1.16141     0.00039     0.07034     0.00000     0.07073
     1.17141     0.00031     0.05677     0.00000     0.05708
     1.18141     0.00023     0.04265     0.00000     0.04289
     1.19141     0.00016     0.02975     0.00000     0.02991
     1.20141     0.00010     0.01925     0.00000     0.01936
     1.21141     0.00006     0.01154     0.00000     0.01160
     1.22141     0.00003     0.00640     0.00000     0.00643
     1.23141     0.00002     0.00328     0.00000     0.00330
     1.24141     0.00001     0.00156     0.00000     0.00157
     1.25141     0.00000     0.00068     0.00000     0.00069
     1.26141     0.00000     0.00028     0.00000     0.00028
     1.27141     0.00000     0.00011     0.00000     0.00011
     1.28141     0.00000     0.00006     0.00000     0.00006
     1.29141     0.00000     0.00009     0.00000     0.00009
     1.30141     0.00000     0.00023     0.00000     0.00023
     1.31141     0.00000     0.00061     0.00000     0.00061
     1.32141     0.00000     0.00152     0.00000     0.00152
     1.33141     0.00000     0.00349     0.00000     0.00349
     1.34141     0.00000     0.00741     0.00000     0.00741
     1.35141     0.00000     0.01452     0.00000     0.01452
     1.36141     0.00000     0.02628     0.00000     0.02628
     1.37141     0.00001     0.04392     0.00000     0.04392
     1.38141     0.00001     0.06777     0.00000     0.06778
     1.39141     0.00002     0.09657     0.00000     0.09659
     1.40141     0.00002     0.12710     0.00000     0.12712
     1.41141     0.00003     0.15445     0.00000     0.15448
     1.42141     0.00003     0.17344     0.00000     0.17347
     1.43141     0.00003     0.18000     0.00000     0.18003
     1.44141     0.00003     0.17283     0.00000     0.17286
     1.45141     0.00003     0.15401     0.00000     0.15404
     1.46141     0.00003     0.12825     0.00000     0.12828
     1.47141     0.00003     0.10134     0.00000     0.10138
     1.48141     0.00004     0.07855     0.00000     0.07858
     1.49141     0.00005     0.06312     0.00000     0.06317
     1.50141     0.00007     0.05588     0.00000     0.05595
     1.51141     0.00009     0.05542     0.00000     0.05551
     1.52141     0.00011     0.05887     0.00000     0.05898
     1.53141     0.00012     0.06287     0.00000     0.06300
     1.54141     0.00013     0.06463     0.00000     0.06476
     1.55141     0.00013     0.06245     0.00000     0.06258
     1.56141     0.00012     0.05614     0.00000     0.05626
     1.57141     0.00010     0.04677     0.00000     0.04686
     1.58141     0.00007     0.03602     0.00000     0.03610
     1.59141     0.00005     0.02567     0.00000     0.02573
     1.60141     0.00004     0.01697     0.00000     0.01701
     1.61141     0.00002     0.01055     0.00000     0.01057
     1.62141     0.00002     0.00650     0.00000     0.00652
     1.63141     0.00002     0.00463     0.00000     0.00465
     1.64141     0.00002     0.00474     0.00000     0.00476
     1.65141     0.00004     0.00673     0.00000     0.00677
     1.66141     0.00006     0.01062     0.00000     0.01068
     1.67141     0.00010     0.01637     0.00000     0.01647
     1.68141     0.00015     0.02366     0.00000     0.02380
     1.69141     0.00020     0.03176     0.00000     0.03195
     1.70141     0.00024     0.03957     0.00000     0.03981
     1.71141     0.00028     0.04598     0.00000     0.04625
     1.72141     0.00029     0.05022     0.00000     0.05051
     1.73141     0.00029     0.05230     0.00000     0.05259
     1.74141     0.00026     0.05311     0.00000     0.05338
     1.75141     0.00023     0.05421     0.00000     0.05444
     1.76141     0.00019     0.05709     0.00000     0.05728
     1.77141     0.00016     0.06262     0.00000     0.06278
     1.78141     0.00014     0.07069     0.00000     0.07083
     1.79141     0.00013     0.08039     0.00000     0.08052
     1.80141     0.00013     0.09053     0.00000     0.09066
     1.81141     0.00015     0.10037     0.00000     0.10052
     1.82141     0.00017     0.10988     0.00000     0.11005
     1.83141     0.00019     0.11951     0.00000     0.11971
     1.84141     0.00022     0.12941     0.00000     0.12963
     1.85141     0.00024     0.13875     0.00000     0.13899
     1.86141     0.00025     0.14561     0.00000     0.14586
     1.87141     0.00025     0.14739     0.00000     0.14764
     1.88141     0.00024     0.14209     0.00000     0.14233
     1.89141     0.00021     0.12915     0.00000     0.12936
     1.90141     0.00017     0.10991     0.00000     0.11009
     1.91241     0.00013     0.08721     0.00000     0.08734
     1.92241     0.00010     0.06436     0.00000     0.06446
     1.93241     0.00007     0.04418     0.00000     0.04424
     1.94241     0.00005     0.02837     0.00000     0.02842
     1.95241     0.00004     0.01744     0.00000     0.01748
     1.96241     0.00004     0.01102     0.00000     0.01106
     1.97241     0.00006     0.00833     0.00000     0.00838
     1.98241     0.00008     0.00852     0.00000     0.00860
     1.99241     0.00013     0.01084     0.00000     0.01097
     2.00241     0.00018     0.01467     0.00000     0.01485
     2.01241     0.00023     0.01949     0.00000     0.01972
     2.02241     0.00028     0.02498     0.00000     0.02526
     2.03241     0.00031     0.03131     0.00000     0.03162
     2.04241     0.00033     0.03934     0.00000     0.03967
     2.05241     0.00032     0.05077     0.00000     0.05109
     2.06241     0.00030     0.06780     0.00000     0.06810
     2.07241     0.00027     0.09229     0.00000     0.09256
     2.08241     0.00025     0.12467     0.00000     0.12492
     2.09241     0.00023     0.16297     0.00000     0.16320
     2.10241     0.00022     0.20257     0.00000     0.20279
     2.11241     0.00022     0.23704     0.00000     0.23726
     2.12241     0.00021     0.26021     0.00000     0.26042
     2.13241     0.00020     0.26840     0.00000     0.26860
     2.14241     0.00019     0.26223     0.00000     0.26242
     2.15241     0.00017     0.24683     0.00000     0.24700
     2.16241     0.00014     0.23029     0.00000     0.23043
     2.17241     0.00012     0.22095     0.00000     0.22107
     2.18241     0.00011     0.22440     0.00000     0.22451
     2.19241     0.00010     0.24162     0.00000     0.24172
     2.20241     0.00011     0.26864     0.00000     0.26875
     2.21241     0.00012     0.29818     0.00000     0.29830
     2.22241     0.00013     0.32219     0.00000     0.32232
     2.23241     0.00014     0.33467     0.00000     0.33481
     2.24241     0.00014     0.33340     0.00000     0.33355
     2.25241     0.00015     0.32040     0.00000     0.32055
     2.26241     0.00015     0.30051     0.00000     0.30066
     2.27241     0.00015     0.27928     0.00000     0.27943
     2.28241     0.00015     0.26093     0.00000     0.26108
     2.29241     0.00015     0.24670     0.00000     0.24685
     2.30241     0.00016     0.23564     0.00000     0.23580
     2.31241     0.00016     0.22479     0.00000     0.22495
     2.32241     0.00015     0.21173     0.00000     0.21188
     2.33241     0.00014     0.19521     0.00000     0.19535
     2.34241     0.00014     0.17560     0.00000     0.17574
     2.35241     0.00013     0.15432     0.00000     0.15445
     2.36241     0.00012     0.13306     0.00000     0.13318
     2.37241     0.00012     0.11310     0.00000     0.11322
     2.38241     0.00012     0.09524     0.00000     0.09536
     2.39241     0.00013     0.07983     0.00000     0.07996
     2.40241     0.00014     0.06704     0.00000     0.06718
     2.41241     0.00015     0.05692     0.00000     0.05706
     2.42241     0.00015     0.04944     0.00000     0.04959
     2.43241     0.00016     0.04458     0.00000     0.04473
     2.44241     0.00016     0.04241     0.00000     0.04256
     2.45241     0.00016     0.04315     0.00000     0.04331
     2.46241     0.00016     0.04737     0.00000     0.04753
     2.47241     0.00017     0.05580     0.00000     0.05597
     2.48241     0.00017     0.06915     0.00000     0.06932
     2.49241     0.00019     0.08743     0.00000     0.08762
     2.50241     0.00020     0.10952     0.00000     0.10973
     2.51241     0.00023     0.13283     0.00000     0.13306
     2.52241     0.00025     0.15354     0.00000     0.15379
     2.53241     0.00027     0.16771     0.00000     0.16798
     2.54241     0.00028     0.17279     0.00000     0.17307
     2.55241     0.00028     0.16873     0.00000     0.16901
     2.56241     0.00027     0.15852     0.00000     0.15879
     2.57241     0.00024     0.14734     0.00000     0.14758
     2.58241     0.00022     0.14111     0.00000     0.14133
     2.59241     0.00019     0.14468     0.00000     0.14487
     2.60241     0.00018     0.16018     0.00000     0.16036
     2.61241     0.00017     0.18634     0.00000     0.18651
     2.62241     0.00018     0.21851     0.00000     0.21869
     2.63241     0.00019     0.24960     0.00000     0.24979
     2.64241     0.00020     0.27178     0.00000     0.27198
     2.65241     0.00021     0.27896     0.00000     0.27917
     2.66241     0.00020     0.26845     0.00000     0.26865
     2.67241     0.00019     0.24160     0.00000     0.24179
     2.68241     0.00017     0.20387     0.00000     0.20404
     2.69241     0.00014     0.16216     0.00000     0.16230
     2.70241     0.00013     0.12318     0.00000     0.12331
     2.71241     0.00012     0.09151     0.00000     0.09163
     2.72241     0.00013     0.06902     0.00000     0.06915
     2.73241     0.00015     0.05520     0.00000     0.05535
     2.74241     0.00019     0.04824     0.00000     0.04843
     2.75241     0.00023     0.04582     0.00000     0.04605
     2.76241     0.00028     0.04596     0.00000     0.04624
     2.77241     0.00032     0.04725     0.00000     0.04757
     2.78241     0.00035     0.04900     0.00000     0.04935
     2.79241     0.00037     0.05114     0.00000     0.05151
     2.80241     0.00037     0.05407     0.00000     0.05443
     2.81241     0.00035     0.05832     0.00000     0.05867
     2.82241     0.00033     0.06421     0.00000     0.06454
     2.83241     0.00031     0.07149     0.00000     0.07180
     2.84241     0.00030     0.07934     0.00000     0.07964
     2.85241     0.00030     0.08653     0.00000     0.08683
     2.86241     0.00031     0.09183     0.00000     0.09214
     2.87241     0.00032     0.09451     0.00000     0.09483
     2.88241     0.00034     0.09442     0.00000     0.09475
     2.89241     0.00034     0.09195     0.00000     0.09229
     2.90241     0.00034     0.08780     0.00000     0.08813
     2.91341     0.00032     0.08288     0.00000     0.08319
     2.92341     0.00030     0.07836     0.00000     0.07866
     2.93341     0.00027     0.07579     0.00000     0.07606
     2.94341     0.00026     0.07697     0.00000     0.07723
     2.95341     0.00025     0.08366     0.00000     0.08391
     2.96341     0.00026     0.09673     0.00000     0.09699
     2.97341     0.00027     0.11564     0.00000     0.11591
     2.98341     0.00029     0.13812     0.00000     0.13841
     2.99341     0.00031     0.16072     0.00000     0.16103
     3.00341     0.00032     0.17984     0.00000     0.18016
     3.01341     0.00032     0.19312     0.00000     0.19344
     3.02341     0.00030     0.20031     0.00000     0.20061
     3.03341     0.00029     0.20307     0.00000     0.20336
     3.04341     0.00027     0.20419     0.00000     0.20446
     3.05341     0.00027     0.20604     0.00000     0.20631
     3.06341     0.00028     0.20956     0.00000     0.20984
     3.07341     0.00031     0.21389     0.00000     0.21420
     3.08341     0.00034     0.21697     0.00000     0.21731
     3.09341     0.00038     0.21637     0.00000     0.21675
     3.10341     0.00040     0.21037     0.00000     0.21077
     3.11341     0.00041     0.19846     0.00000     0.19887
     3.12341     0.00040     0.18137     0.00000     0.18177
     3.13341     0.00037     0.16085     0.00000     0.16122
     3.14341     0.00034     0.13909     0.00000     0.13943
     3.15341     0.00030     0.11824     0.00000     0.11854
     3.16341     0.00026     0.09999     0.00000     0.10025
     3.17341     0.00024     0.08525     0.00000     0.08549
     3.18341     0.00022     0.07411     0.00000     0.07433
     3.19341     0.00021     0.06595     0.00000     0.06615
     3.20341     0.00020     0.05974     0.00000     0.05993
     3.21341     0.00018     0.05451     0.00000     0.05469
     3.22341     0.00017     0.04981     0.00000     0.04998
     3.23341     0.00015     0.04588     0.00000     0.04602
     3.24341     0.00012     0.04350     0.00000     0.04362
     3.25341     0.00010     0.04362     0.00000     0.04372
     3.26341     0.00009     0.04693     0.00000     0.04702
     3.27341     0.00009     0.05355     0.00000     0.05364
     3.28341     0.00011     0.06313     0.00000     0.06325
     3.29341     0.00015     0.07520     0.00000     0.07535
     3.30341     0.00021     0.08940     0.00000     0.08961
     3.31341     0.00029     0.10557     0.00000     0.10585
     3.32341     0.00038     0.12341     0.00000     0.12379
     3.33341     0.00047     0.14196     0.00000     0.14243
     3.34341     0.00056     0.15935     0.00000     0.15991
     3.35341     0.00062     0.17287     0.00000     0.17349
     3.36341     0.00065     0.17977     0.00000     0.18042
     3.37341     0.00065     0.17802     0.00000     0.17867
     3.38341     0.00061     0.16721     0.00000     0.16782
     3.39341     0.00055     0.14872     0.00000     0.14927
     3.40341     0.00047     0.12528     0.00000     0.12575
     3.41341     0.00039     0.10025     0.00000     0.10064
     3.42341     0.00033     0.07678     0.00000     0.07711
     3.43341     0.00029     0.05714     0.00000     0.05743
     3.44341     0.00029     0.04238     0.00000     0.04266
     3.45341     0.00032     0.03245     0.00000     0.03277
     3.46341     0.00038     0.02649     0.00000     0.02687
     3.47341     0.00046     0.02324     0.00000     0.02371
     3.48341     0.00056     0.02148     0.00000     0.02204
     3.49341     0.00065     0.02028     0.00000     0.02093
     3.50341     0.00072     0.01916     0.00000     0.01987
     3.51341     0.00074     0.01811     0.00000     0.01886
     3.52341     0.00074     0.01762     0.00000     0.01836
     3.53341     0.00071     0.01855     0.00000     0.01925
     3.54341     0.00067     0.02204     0.00000     0.02272
     3.55341     0.00067     0.02933     0.00000     0.03001
     3.56341     0.00073     0.04140     0.00000     0.04212
     3.57341     0.00084     0.05854     0.00000     0.05939
     3.58341     0.00102     0.08016     0.00000     0.08118
     3.59341     0.00122     0.10446     0.00000     0.10568
     3.60341     0.00142     0.12875     0.00000     0.13017
     3.61341     0.00156     0.14986     0.00000     0.15142
     3.62341     0.00164     0.16490     0.00000     0.16654
     3.63341     0.00163     0.17198     0.00000     0.17361
     3.64341     0.00155     0.17072     0.00000     0.17227
     3.65341     0.00143     0.16232     0.00000     0.16375
     3.66341     0.00128     0.14930     0.00000     0.15058
     3.67341     0.00115     0.13473     0.00000     0.13588
     3.68341     0.00106     0.12144     0.00000     0.12250
     3.69341     0.00100     0.11135     0.00000     0.11235
     3.70341     0.00097     0.10528     0.00000     0.10625
     3.71341     0.00095     0.10307     0.00000     0.10402
     3.72341     0.00093     0.10410     0.00000     0.10503
     3.73341     0.00089     0.10770     0.00000     0.10859
     3.74341     0.00083     0.11325     0.00000     0.11408
     3.75341     0.00075     0.12006     0.00000     0.12081
     3.76341     0.00065     0.12725     0.00000     0.12790
     3.77341     0.00056     0.13362     0.00000     0.13418
     3.78341     0.00048     0.13792     0.00000     0.13840
     3.79341     0.00043     0.13913     0.00000     0.13956
     3.80341     0.00038     0.13668     0.00000     0.13706
     3.81341     0.00036     0.13047     0.00000     0.13083
     3.82341     0.00035     0.12081     0.00000     0.12116
     3.83341     0.00034     0.10835     0.00000     0.10869
     3.84341     0.00033     0.09422     0.00000     0.09455
     3.85341     0.00031     0.07995     0.00000     0.08026
     3.86341     0.00029     0.06744     0.00000     0.06773
     3.87341     0.00027     0.05858     0.00000     0.05885
     3.88341     0.00026     0.05477     0.00000     0.05503
     3.89341     0.00026     0.05656     0.00000     0.05682
     3.90341     0.00027     0.06344     0.00000     0.06371
     3.91441     0.00030     0.07389     0.00000     0.07419
     3.92441     0.00033     0.08569     0.00000     0.08602
     3.93441     0.00036     0.09636     0.00000     0.09672
     3.94441     0.00039     0.10357     0.00000     0.10396
     3.95441     0.00043     0.10579     0.00000     0.10622
     3.96441     0.00048     0.10256     0.00000     0.10304
     3.97441     0.00056     0.09480     0.00000     0.09536
     3.98441     0.00072     0.08450     0.00000     0.08522
     3.99441     0.00098     0.07424     0.00000     0.07522
     4.00441     0.00135     0.06635     0.00000     0.06770
     4.01441     0.00183     0.06210     0.00000     0.06393
     4.02441     0.00237     0.06140     0.00000     0.06377
     4.03441     0.00289     0.06287     0.00000     0.06576
     4.04441     0.00329     0.06451     0.00000     0.06779
     4.05441     0.00350     0.06445     0.00000     0.06794
     4.06441     0.00348     0.06182     0.00000     0.06530
     4.07441     0.00329     0.05696     0.00000     0.06025
     4.08441     0.00300     0.05142     0.00000     0.05443
     4.09441     0.00276     0.04747     0.00000     0.05023
     4.10441     0.00271     0.04731     0.00000     0.05002
     4.11441     0.00293     0.05248     0.00000     0.05542
     4.12441     0.00347     0.06331     0.00000     0.06678
     4.13441     0.00427     0.07860     0.00000     0.08287
     4.14441     0.00519     0.09577     0.00000     0.10096
     4.15441     0.00606     0.11140     0.00000     0.11746
     4.16441     0.00674     0.12218     0.00000     0.12892
     4.17441     0.00716     0.12577     0.00000     0.13294
     4.18441     0.00739     0.12153     0.00000     0.12892
     4.19441     0.00761     0.11056     0.00000     0.11817
     4.20441     0.00810     0.09529     0.00000     0.10339
     4.21441     0.00911     0.07869     0.00000     0.08780
     4.22441     0.01077     0.06347     0.00000     0.07424
     4.23441     0.01296     0.05151     0.00000     0.06447
     4.24441     0.01535     0.04364     0.00000     0.05899
     4.25441     0.01746     0.03968     0.00000     0.05714
     4.26441     0.01883     0.03885     0.00000     0.05768
     4.27441     0.01923     0.04027     0.00000     0.05950
     4.28441     0.01882     0.04359     0.00000     0.06241
     4.29441     0.01823     0.04941     0.00000     0.06764
     4.30441     0.01854     0.05966     0.00000     0.07820
     4.31441     0.02121     0.07730     0.00000     0.09851
     4.32441     0.02798     0.10611     0.00000     0.13409
     4.33441     0.04078     0.14996     0.00000     0.19074
     4.34441     0.06166     0.21234     0.00000     0.27400
     4.35441     0.09267     0.29597     0.00000     0.38864
     4.36441     0.13532     0.40217     0.00000     0.53749
     4.37441     0.18982     0.52990     0.00000     0.71972
     4.38441     0.25411     0.67400     0.00000     0.92811
     4.39441     0.32288     0.82340     0.00000     1.14628
     4.40441     0.38770     0.96110     0.00000     1.34880
     4.41441     0.43810     1.06650     0.00000     1.50460
     4.42441     0.46470     1.11970     0.00000     1.58440
     4.43441     0.46140     1.10890     0.00000     1.57030
     4.44441     0.42880     1.03400     0.00000     1.46280
     4.45441     0.37318     0.90890     0.00000     1.28208
     4.46441     0.30453     0.75570     0.00000     1.06023
     4.47441     0.23402     0.59880     0.00000     0.83282
     4.48441     0.17059     0.45860     0.00000     0.62919
     4.49441     0.11941     0.34702     0.00000     0.46643
     4.50441     0.08187     0.26730     0.00000     0.34917
     4.51441     0.05662     0.21572     0.00000     0.27234
     4.52441     0.04095     0.18499     0.00000     0.22594
     4.53441     0.03202     0.16718     0.00000     0.19920
     4.54441     0.02739     0.15579     0.00000     0.18318
     4.55441     0.02527     0.14655     0.00000     0.17182
     4.56441     0.02436     0.13738     0.00000     0.16174
     4.57441     0.02378     0.12772     0.00000     0.15150
     4.58441     0.02291     0.11777     0.00000     0.14068
     4.59441     0.02144     0.10790     0.00000     0.12934
     4.60441     0.01931     0.09838     0.00000     0.11769
     4.61441     0.01668     0.08950     0.00000     0.10618
     4.62441     0.01390     0.08164     0.00000     0.09554
     4.63441     0.01134     0.07557     0.00000     0.08691
     4.64441     0.00931     0.07245     0.00000     0.08176
     4.65441     0.00804     0.07361     0.00000     0.08165
     4.66441     0.00760     0.08013     0.00000     0.08772
     4.67441     0.00796     0.09243     0.00000     0.10039
     4.68441     0.00902     0.10986     0.00000     0.11888
     4.69441     0.01063     0.13066     0.00000     0.14129
     4.70441     0.01260     0.15234     0.00000     0.16495
     4.71441     0.01473     0.17215     0.00000     0.18688
     4.72441     0.01684     0.18776     0.00000     0.20460
     4.73441     0.01880     0.19764     0.00000     0.21644
     4.74441     0.02054     0.20132     0.00000     0.22186
     4.75441     0.02202     0.19919     0.00000     0.22121
     4.76441     0.02320     0.19209     0.00000     0.21529
     4.77441     0.02399     0.18110     0.00000     0.20509
     4.78441     0.02425     0.16724     0.00000     0.19149
     4.79441     0.02382     0.15147     0.00000     0.17529
     4.80441     0.02263     0.13498     0.00000     0.15761
     4.81441     0.02070     0.11900     0.00000     0.13970
     4.82441     0.01827     0.10507     0.00000     0.12334
     4.83441     0.01563     0.09460     0.00000     0.11023
     4.84441     0.01314     0.08862     0.00000     0.10176
     4.85441     0.01101     0.08753     0.00000     0.09854
     4.86441     0.00932     0.09092     0.00000     0.10024
     4.87441     0.00800     0.09766     0.00000     0.10566
     4.88441     0.00691     0.10605     0.00000     0.11296
     4.89441     0.00591     0.11423     0.00000     0.12014
     4.90441     0.00494     0.12034     0.00000     0.12528
     4.91541     0.00400     0.12282     0.00000     0.12682
     4.92541     0.00313     0.12068     0.00000     0.12381
     4.93541     0.00239     0.11361     0.00000     0.11600
     4.94541     0.00181     0.10207     0.00000     0.10388
     4.95541     0.00140     0.08726     0.00000     0.08866
     4.96541     0.00117     0.07104     0.00000     0.07221
     4.97541     0.00113     0.05534     0.00000     0.05647
     4.98541     0.00129     0.04201     0.00000     0.04330
     4.99541     0.00164     0.03223     0.00000     0.03387
     5.00541     0.00217     0.02643     0.00000     0.02860
     5.01541     0.00281     0.02429     0.00000     0.02710
     5.02541     0.00346     0.02486     0.00000     0.02833
     5.03541     0.00401     0.02691     0.00000     0.03092
     5.04541     0.00436     0.02924     0.00000     0.03360
     5.05541     0.00446     0.03096     0.00000     0.03542
     5.06541     0.00433     0.03166     0.00000     0.03599
     5.07541     0.00406     0.03144     0.00000     0.03550
     5.08541     0.00380     0.03072     0.00000     0.03452
     5.09541     0.00372     0.03005     0.00000     0.03376
     5.10541     0.00397     0.02994     0.00000     0.03391
     5.11541     0.00470     0.03080     0.00000     0.03550
     5.12541     0.00597     0.03292     0.00000     0.03889
     5.13541     0.00777     0.03666     0.00000     0.04443
     5.14541     0.01003     0.04241     0.00000     0.05244
     5.15541     0.01259     0.05069     0.00000     0.06329
     5.16541     0.01532     0.06196     0.00000     0.07727
     5.17541     0.01811     0.07627     0.00000     0.09438
     5.18541     0.02096     0.09332     0.00000     0.11428
     5.19541     0.02393     0.11213     0.00000     0.13606
     5.20541     0.02706     0.13156     0.00000     0.15862
     5.21541     0.03027     0.15041     0.00000     0.18068
     5.22541     0.03333     0.16791     0.00000     0.20124
     5.23541     0.03586     0.18366     0.00000     0.21952
     5.24541     0.03745     0.19735     0.00000     0.23480
     5.25541     0.03775     0.20838     0.00000     0.24613
     5.26541     0.03660     0.21562     0.00000     0.25222
     5.27541     0.03404     0.21758     0.00000     0.25162
     5.28541     0.03036     0.21312     0.00000     0.24348
     5.29541     0.02598     0.20204     0.00000     0.22802
     5.30541     0.02136     0.18549     0.00000     0.20685
     5.31541     0.01694     0.16571     0.00000     0.18265
     5.32541     0.01305     0.14528     0.00000     0.15833
     5.33541     0.00988     0.12631     0.00000     0.13619
     5.34541     0.00745     0.10991     0.00000     0.11736
     5.35541     0.00569     0.09624     0.00000     0.10193
     5.36541     0.00447     0.08478     0.00000     0.08925
     5.37541     0.00363     0.07495     0.00000     0.07858
     5.38541     0.00308     0.06636     0.00000     0.06945
     5.39541     0.00275     0.05898     0.00000     0.06173
     5.40541     0.00262     0.05296     0.00000     0.05559
     5.41541     0.00271     0.04848     0.00000     0.05118
     5.42541     0.00301     0.04546     0.00000     0.04848
     5.43541     0.00354     0.04372     0.00000     0.04726
     5.44541     0.00427     0.04284     0.00000     0.04711
     5.45541     0.00516     0.04255     0.00000     0.04772
     5.46541     0.00617     0.04278     0.00000     0.04895
     5.47541     0.00724     0.04371     0.00000     0.05095
     5.48541     0.00834     0.04583     0.00000     0.05416
     5.49541     0.00946     0.04978     0.00000     0.05925
     5.50541     0.01065     0.05624     0.00000     0.06689
     5.51541     0.01194     0.06553     0.00000     0.07747
     5.52541     0.01341     0.07748     0.00000     0.09089
     5.53541     0.01507     0.09113     0.00000     0.10620
     5.54541     0.01689     0.10485     0.00000     0.12174
     5.55541     0.01871     0.11668     0.00000     0.13539
     5.56541     0.02033     0.12481     0.00000     0.14514
     5.57541     0.02146     0.12818     0.00000     0.14964
     5.58541     0.02188     0.12672     0.00000     0.14860
     5.59541     0.02145     0.12139     0.00000     0.14284
     5.60541     0.02016     0.11379     0.00000     0.13395
     5.61541     0.01816     0.10569     0.00000     0.12385
     5.62541     0.01573     0.09863     0.00000     0.11436
     5.63541     0.01323     0.09363     0.00000     0.10686
     5.64541     0.01102     0.09106     0.00000     0.10208
     5.65541     0.00941     0.09072     0.00000     0.10013
     5.66541     0.00858     0.09217     0.00000     0.10075
     5.67541     0.00860     0.09497     0.00000     0.10357
     5.68541     0.00940     0.09890     0.00000     0.10830
     5.69541     0.01079     0.10407     0.00000     0.11486
     5.70541     0.01250     0.11059     0.00000     0.12309
     5.71541     0.01422     0.11822     0.00000     0.13244
     5.72541     0.01566     0.12618     0.00000     0.14184
     5.73541     0.01658     0.13303     0.00000     0.14961
     5.74541     0.01689     0.13723     0.00000     0.15412
     5.75541     0.01660     0.13759     0.00000     0.15419
     5.76541     0.01583     0.13371     0.00000     0.14954
     5.77541     0.01477     0.12615     0.00000     0.14092
     5.78541     0.01358     0.11613     0.00000     0.12971
     5.79541     0.01242     0.10510     0.00000     0.11752
     5.80541     0.01136     0.09436     0.00000     0.10572
     5.81541     0.01042     0.08480     0.00000     0.09522
     5.82541     0.00960     0.07690     0.00000     0.08650
     5.83541     0.00890     0.07089     0.00000     0.07978
     5.84541     0.00829     0.06688     0.00000     0.07517
     5.85541     0.00780     0.06488     0.00000     0.07268
     5.86541     0.00744     0.06475     0.00000     0.07219
     5.87541     0.00719     0.06617     0.00000     0.07336
     5.88541     0.00704     0.06867     0.00000     0.07570
     5.89541     0.00696     0.07158     0.00000     0.07854
     5.90541     0.00691     0.07431     0.00000     0.08122
     5.91641     0.00685     0.07651     0.00000     0.08336
     5.92641     0.00675     0.07807     0.00000     0.08483
     5.93641     0.00663     0.07916     0.00000     0.08579
     5.94641     0.00651     0.08003     0.00000     0.08654
     5.95641     0.00650     0.08088     0.00000     0.08738
     5.96641     0.00671     0.08172     0.00000     0.08843
     5.97641     0.00731     0.08236     0.00000     0.08967
     5.98641     0.00846     0.08253     0.00000     0.09099
     5.99641     0.01027     0.08203     0.00000     0.09230
     6.00641     0.01279     0.08076     0.00000     0.09355
     6.01641     0.01596     0.07882     0.00000     0.09478
     6.02641     0.01962     0.07644     0.00000     0.09607
     6.03641     0.02348     0.07396     0.00000     0.09744
     6.04641     0.02715     0.07170     0.00000     0.09885
     6.05641     0.03021     0.07000     0.00000     0.10021
     6.06641     0.03224     0.06914     0.00000     0.10138
     6.07641     0.03298     0.06927     0.00000     0.10225
     6.08641     0.03234     0.07049     0.00000     0.10283
     6.09641     0.03050     0.07281     0.00000     0.10331
     6.10641     0.02787     0.07619     0.00000     0.10406
     6.11641     0.02498     0.08055     0.00000     0.10553
     6.12641     0.02239     0.08562     0.00000     0.10801
     6.13641     0.02055     0.09087     0.00000     0.11142
     6.14641     0.01977     0.09552     0.00000     0.11529
     6.15641     0.02014     0.09864     0.00000     0.11877
     6.16641     0.02162     0.09936     0.00000     0.12098
     6.17641     0.02405     0.09724     0.00000     0.12129
     6.18641     0.02721     0.09240     0.00000     0.11961
     6.19641     0.03088     0.08544     0.00000     0.11632
     6.20641     0.03478     0.07734     0.00000     0.11212
     6.21641     0.03866     0.06918     0.00000     0.10784
     6.22641     0.04225     0.06182     0.00000     0.10406
     6.23641     0.04525     0.05586     0.00000     0.10111
     6.24641     0.04742     0.05151     0.00000     0.09893
     6.25641     0.04852     0.04874     0.00000     0.09726
     6.26641     0.04843     0.04732     0.00000     0.09576
     6.27641     0.04704     0.04690     0.00000     0.09394
     6.28641     0.04441     0.04717     0.00000     0.09158
     6.29641     0.04063     0.04796     0.00000     0.08858
     6.30641     0.03599     0.04934     0.00000     0.08533
     6.31641     0.03081     0.05160     0.00000     0.08241
     6.32641     0.02549     0.05511     0.00000     0.08061
     6.33641     0.02042     0.06006     0.00000     0.08049
     6.34641     0.01591     0.06625     0.00000     0.08216
     6.35641     0.01215     0.07297     0.00000     0.08511
     6.36641     0.00920     0.07908     0.00000     0.08828
     6.37641     0.00704     0.08347     0.00000     0.09050
     6.38641     0.00554     0.08542     0.00000     0.09095
     6.39641     0.00457     0.08508     0.00000     0.08965
     6.40641     0.00401     0.08347     0.00000     0.08748
     6.41641     0.00375     0.08216     0.00000     0.08591
     6.42641     0.00371     0.08271     0.00000     0.08642
     6.43641     0.00383     0.08602     0.00000     0.08985
     6.44641     0.00405     0.09195     0.00000     0.09600
     6.45641     0.00430     0.09943     0.00000     0.10373
     6.46641     0.00450     0.10700     0.00000     0.11150
     6.47641     0.00460     0.11333     0.00000     0.11793
     6.48641     0.00458     0.11768     0.00000     0.12226
     6.49641     0.00446     0.11995     0.00000     0.12441
     6.50641     0.00429     0.12029     0.00000     0.12458
     6.51641     0.00413     0.11883     0.00000     0.12296
     6.52641     0.00400     0.11543     0.00000     0.11943
     6.53641     0.00394     0.10982     0.00000     0.11376
     6.54641     0.00394     0.10186     0.00000     0.10580
     6.55641     0.00399     0.09198     0.00000     0.09597
     6.56641     0.00409     0.08110     0.00000     0.08519
     6.57641     0.00425     0.07070     0.00000     0.07495
     6.58641     0.00451     0.06232     0.00000     0.06683
     6.59641     0.00493     0.05711     0.00000     0.06204
     6.60641     0.00558     0.05558     0.00000     0.06116
     6.61641     0.00656     0.05746     0.00000     0.06402
     6.62641     0.00793     0.06183     0.00000     0.06976
     6.63641     0.00976     0.06752     0.00000     0.07728
     6.64641     0.01205     0.07357     0.00000     0.08562
     6.65641     0.01479     0.07934     0.00000     0.09413
     6.66641     0.01792     0.08465     0.00000     0.10257
     6.67641     0.02141     0.08958     0.00000     0.11099
     6.68641     0.02520     0.09416     0.00000     0.11936
     6.69641     0.02916     0.09814     0.00000     0.12730
     6.70641     0.03307     0.10095     0.00000     0.13402
     6.71641     0.03654     0.10191     0.00000     0.13845
     6.72641     0.03910     0.10045     0.00000     0.13955
     6.73641     0.04037     0.09644     0.00000     0.13681
     6.74641     0.04021     0.09030     0.00000     0.13051
     6.75641     0.03882     0.08293     0.00000     0.12175
     6.76641     0.03673     0.07549     0.00000     0.11222
     6.77641     0.03458     0.06908     0.00000     0.10366
     6.78641     0.03294     0.06454     0.00000     0.09748
     6.79641     0.03204     0.06222     0.00000     0.09426
     6.80641     0.03180     0.06207     0.00000     0.09387
     6.81641     0.03181     0.06366     0.00000     0.09547
     6.82641     0.03155     0.06632     0.00000     0.09787
     6.83641     0.03059     0.06937     0.00000     0.09996
     6.84641     0.02874     0.07224     0.00000     0.10098
     6.85641     0.02607     0.07459     0.00000     0.10066
     6.86641     0.02288     0.07649     0.00000     0.09937
     6.87641     0.01961     0.07840     0.00000     0.09801
     6.88641     0.01665     0.08111     0.00000     0.09776
     6.89641     0.01428     0.08567     0.00000     0.09996
     6.90641     0.01265     0.09313     0.00000     0.10578
     6.91741     0.01174     0.10413     0.00000     0.11587
     6.92741     0.01141     0.11862     0.00000     0.13003
     6.93741     0.01149     0.13559     0.00000     0.14708
     6.94741     0.01175     0.15287     0.00000     0.16462
     6.95741     0.01199     0.16757     0.00000     0.17956
     6.96741     0.01205     0.17663     0.00000     0.18868
     6.97741     0.01187     0.17788     0.00000     0.18975
     6.98741     0.01151     0.17076     0.00000     0.18227
     6.99741     0.01118     0.15689     0.00000     0.16807
     7.00741     0.01119     0.13964     0.00000     0.15083
     7.01741     0.01184     0.12302     0.00000     0.13486
     7.02741     0.01335     0.11047     0.00000     0.12382
     7.03741     0.01574     0.10382     0.00000     0.11956
     7.04741     0.01884     0.10285     0.00000     0.12169
     7.05741     0.02232     0.10576     0.00000     0.12808
     7.06741     0.02584     0.11017     0.00000     0.13601
     7.07741     0.02917     0.11415     0.00000     0.14332
     7.08741     0.03233     0.11688     0.00000     0.14921
     7.09741     0.03561     0.11860     0.00000     0.15421
     7.10741     0.03943     0.12022     0.00000     0.15964
     7.11741     0.04424     0.12246     0.00000     0.16670
     7.12741     0.05022     0.12526     0.00000     0.17548
     7.13741     0.05719     0.12784     0.00000     0.18503
     7.14741     0.06456     0.12891     0.00000     0.19347
     7.15741     0.07147     0.12746     0.00000     0.19893
     7.16741     0.07695     0.12311     0.00000     0.20006
     7.17741     0.08025     0.11627     0.00000     0.19652
     7.18741     0.08101     0.10798     0.00000     0.18899
     7.19741     0.07921     0.09931     0.00000     0.17852
     7.20741     0.07516     0.09106     0.00000     0.16622
     7.21741     0.06939     0.08361     0.00000     0.15300
     7.22741     0.06247     0.07698     0.00000     0.13945
     7.23741     0.05503     0.07110     0.00000     0.12613
     7.24741     0.04760     0.06597     0.00000     0.11357
     7.25741     0.04064     0.06173     0.00000     0.10237
     7.26741     0.03453     0.05860     0.00000     0.09313
     7.27741     0.02942     0.05678     0.00000     0.08620
     7.28741     0.02532     0.05634     0.00000     0.08166
     7.29741     0.02214     0.05718     0.00000     0.07932
     7.30741     0.01973     0.05900     0.00000     0.07873
     7.31741     0.01795     0.06135     0.00000     0.07930
     7.32741     0.01670     0.06375     0.00000     0.08045
     7.33741     0.01586     0.06567     0.00000     0.08153
     7.34741     0.01537     0.06693     0.00000     0.08230
     7.35741     0.01518     0.06767     0.00000     0.08285
     7.36741     0.01534     0.06850     0.00000     0.08384
     7.37741     0.01598     0.07026     0.00000     0.08624
     7.38741     0.01733     0.07376     0.00000     0.09109
     7.39741     0.01968     0.07927     0.00000     0.09895
     7.40741     0.02330     0.08647     0.00000     0.10977
     7.41741     0.02844     0.09441     0.00000     0.12285
     7.42741     0.03519     0.10196     0.00000     0.13715
     7.43741     0.04349     0.10823     0.00000     0.15172
     7.44741     0.05296     0.11283     0.00000     0.16579
     7.45741     0.06293     0.11592     0.00000     0.17885
     7.46741     0.07244     0.11793     0.00000     0.19037
     7.47741     0.08052     0.11925     0.00000     0.19977
     7.48741     0.08634     0.11995     0.00000     0.20629
     7.49741     0.08964     0.11993     0.00000     0.20957
     7.50741     0.09077     0.11898     0.00000     0.20975
     7.51741     0.09060     0.11705     0.00000     0.20765
     7.52741     0.09024     0.11426     0.00000     0.20450
     7.53741     0.09056     0.11087     0.00000     0.20143
     7.54741     0.09196     0.10710     0.00000     0.19906
     7.55741     0.09415     0.10308     0.00000     0.19723
     7.56741     0.09633     0.09884     0.00000     0.19517
     7.57741     0.09747     0.09435     0.00000     0.19182
     7.58741     0.09665     0.08966     0.00000     0.18631
     7.59741     0.09347     0.08484     0.00000     0.17831
     7.60741     0.08813     0.08011     0.00000     0.16824
     7.61741     0.08136     0.07582     0.00000     0.15718
     7.62741     0.07420     0.07248     0.00000     0.14668
     7.63741     0.06777     0.07084     0.00000     0.13861
     7.64741     0.06296     0.07173     0.00000     0.13469
     7.65741     0.06030     0.07595     0.00000     0.13625
     7.66741     0.05987     0.08383     0.00000     0.14370
     7.67741     0.06142     0.09508     0.00000     0.15650
     7.68741     0.06434     0.10858     0.00000     0.17292
     7.69741     0.06788     0.12260     0.00000     0.19048
     7.70741     0.07129     0.13516     0.00000     0.20645
     7.71741     0.07387     0.14450     0.00000     0.21837
     7.72741     0.07511     0.14950     0.00000     0.22461
     7.73741     0.07468     0.14974     0.00000     0.22442
     7.74741     0.07250     0.14559     0.00000     0.21809
     7.75741     0.06873     0.13795     0.00000     0.20668
     7.76741     0.06371     0.12799     0.00000     0.19170
     7.77741     0.05790     0.11701     0.00000     0.17491
     7.78741     0.05185     0.10621     0.00000     0.15806
     7.79741     0.04603     0.09654     0.00000     0.14257
     7.80741     0.04080     0.08861     0.00000     0.12941
     7.81741     0.03633     0.08266     0.00000     0.11899
     7.82741     0.03268     0.07865     0.00000     0.11133
     7.83741     0.02973     0.07627     0.00000     0.10600
     7.84741     0.02735     0.07527     0.00000     0.10262
     7.85741     0.02543     0.07541     0.00000     0.10084
     7.86741     0.02392     0.07654     0.00000     0.10046
     7.87741     0.02285     0.07864     0.00000     0.10149
     7.88741     0.02226     0.08156     0.00000     0.10382
     7.89741     0.02217     0.08488     0.00000     0.10705
     7.90741     0.02256     0.08788     0.00000     0.11044
     7.91841     0.02337     0.08967     0.00000     0.11304
     7.92841     0.02469     0.08950     0.00000     0.11419
     7.93841     0.02673     0.08724     0.00000     0.11397
     7.94841     0.03003     0.08348     0.00000     0.11351
     7.95841     0.03537     0.07959     0.00000     0.11496
     7.96841     0.04362     0.07733     0.00000     0.12095
     7.97841     0.05550     0.07826     0.00000     0.13376
     7.98841     0.07122     0.08326     0.00000     0.15448
     7.99841     0.09027     0.09209     0.00000     0.18236
     8.00841     0.11132     0.10346     0.00000     0.21478
     8.01841     0.13265     0.11529     0.00000     0.24794
     8.02841     0.15259     0.12545     0.00000     0.27804
     8.03841     0.17017     0.13235     0.00000     0.30252
     8.04841     0.18556     0.13545     0.00000     0.32101
     8.05841     0.19978     0.13533     0.00000     0.33511
     8.06841     0.21426     0.13322     0.00000     0.34748
     8.07841     0.22992     0.13051     0.00000     0.36043
     8.08841     0.24657     0.12816     0.00000     0.37473
     8.09841     0.26286     0.12656     0.00000     0.38942
     8.10841     0.27667     0.12549     0.00000     0.40216
     8.11841     0.28600     0.12464     0.00000     0.41064
     8.12841     0.28977     0.12382     0.00000     0.41359
     8.13841     0.28804     0.12306     0.00000     0.41110
     8.14841     0.28178     0.12269     0.00000     0.40447
     8.15841     0.27239     0.12289     0.00000     0.39528
     8.16841     0.26108     0.12371     0.00000     0.38479
     8.17841     0.24867     0.12503     0.00000     0.37370
     8.18841     0.23572     0.12657     0.00000     0.36229
     8.19841     0.22267     0.12811     0.00000     0.35078
     8.20841     0.21008     0.12946     0.00000     0.33954
     8.21841     0.19875     0.13056     0.00000     0.32931
     8.22841     0.18952     0.13134     0.00000     0.32086
     8.23841     0.18306     0.13181     0.00000     0.31487
     8.24841     0.17976     0.13202     0.00000     0.31178
     8.25841     0.17954     0.13207     0.00000     0.31161
     8.26841     0.18174     0.13188     0.00000     0.31362
     8.27841     0.18533     0.13140     0.00000     0.31673
     8.28841     0.18912     0.13049     0.00000     0.31961
     8.29841     0.19206     0.12918     0.00000     0.32124
     8.30841     0.19369     0.12773     0.00000     0.32142
     8.31841     0.19409     0.12673     0.00000     0.32082
     8.32841     0.19379     0.12681     0.00000     0.32060
     8.33841     0.19367     0.12854     0.00000     0.32221
     8.34841     0.19465     0.13212     0.00000     0.32677
     8.35841     0.19779     0.13743     0.00000     0.33522
     8.36841     0.20410     0.14405     0.00000     0.34815
     8.37841     0.21423     0.15145     0.00000     0.36568
     8.38841     0.22798     0.15907     0.00000     0.38705
     8.39841     0.24373     0.16641     0.00000     0.41014
     8.40841     0.25849     0.17312     0.00000     0.43161
