     #Energy           s           p           d       tot  
    -1.59159   318.43000   691.80000     0.00000  1010.23000
    -1.58159     0.00173     0.03122     0.00000     0.03295
    -1.57159     0.00218     0.03432     0.00000     0.03650
    -1.56159     0.00290     0.04219     0.00000     0.04509
    -1.55159     0.00382     0.05342     0.00000     0.05723
    -1.54159     0.00476     0.06561     0.00000     0.07037
    -1.53159     0.00554     0.07594     0.00000     0.08149
    -1.52159     0.00598     0.08187     0.00000     0.08785
    -1.51159     0.00598     0.08188     0.00000     0.08785
    -1.50159     0.00553     0.07612     0.00000     0.08164
    -1.49159     0.00474     0.06626     0.00000     0.07100
    -1.48159     0.00380     0.05513     0.00000     0.05894
    -1.47159     0.00291     0.04594     0.00000     0.04885
    -1.46159     0.00221     0.04154     0.00000     0.04374
    -1.45159     0.00180     0.04382     0.00000     0.04561
    -1.44159     0.00169     0.05357     0.00000     0.05526
    -1.43159     0.00186     0.07035     0.00000     0.07221
    -1.42159     0.00220     0.09252     0.00000     0.09472
    -1.41159     0.00264     0.11751     0.00000     0.12014
    -1.40159     0.00305     0.14219     0.00000     0.14524
    -1.39159     0.00336     0.16324     0.00000     0.16660
    -1.38159     0.00350     0.17768     0.00000     0.18118
    -1.37159     0.00346     0.18330     0.00000     0.18677
    -1.36159     0.00325     0.17903     0.00000     0.18227
    -1.35159     0.00288     0.16521     0.00000     0.16810
    -1.34159     0.00242     0.14372     0.00000     0.14614
    -1.33159     0.00193     0.11753     0.00000     0.11945
    -1.32159     0.00145     0.09030     0.00000     0.09176
    -1.31159     0.00105     0.06547     0.00000     0.06652
    -1.30159     0.00077     0.04572     0.00000     0.04649
    -1.29159     0.00063     0.03278     0.00000     0.03341
    -1.28159     0.00068     0.02744     0.00000     0.02812
    -1.27159     0.00092     0.02990     0.00000     0.03083
    -1.26159     0.00140     0.03989     0.00000     0.04128
    -1.25159     0.00210     0.05653     0.00000     0.05864
    -1.24159     0.00303     0.07816     0.00000     0.08119
    -1.23159     0.00416     0.10228     0.00000     0.10645
    -1.22159     0.00546     0.12590     0.00000     0.13136
    -1.21159     0.00693     0.14633     0.00000     0.15326
    -1.20159     0.00857     0.16200     0.00000     0.17057
    -1.19159     0.01044     0.17298     0.00000     0.18342
    -1.18159     0.01255     0.18069     0.00000     0.19324
    -1.17159     0.01486     0.18714     0.00000     0.20200
    -1.16159     0.01721     0.19387     0.00000     0.21108
    -1.15159     0.01941     0.20153     0.00000     0.22094
    -1.14159     0.02122     0.20966     0.00000     0.23088
    -1.13159     0.02246     0.21722     0.00000     0.23968
    -1.12159     0.02301     0.22271     0.00000     0.24572
    -1.11159     0.02283     0.22438     0.00000     0.24721
    -1.10159     0.02191     0.22085     0.00000     0.24276
    -1.09059     0.02030     0.21052     0.00000     0.23082
    -1.08059     0.01808     0.19322     0.00000     0.21130
    -1.07059     0.01544     0.17018     0.00000     0.18562
    -1.06059     0.01264     0.14411     0.00000     0.15675
    -1.05059     0.00998     0.11906     0.00000     0.12904
    -1.04059     0.00777     0.09882     0.00000     0.10659
    -1.03059     0.00617     0.08589     0.00000     0.09206
    -1.02059     0.00522     0.08064     0.00000     0.08586
    -1.01059     0.00480     0.08124     0.00000     0.08604
    -1.00059     0.00468     0.08436     0.00000     0.08904
    -0.99059     0.00462     0.08637     0.00000     0.09099
    -0.98059     0.00444     0.08445     0.00000     0.08890
    -0.97059     0.00404     0.07755     0.00000     0.08159
    -0.96059     0.00344     0.06626     0.00000     0.06970
    -0.95059     0.00272     0.05248     0.00000     0.05520
    -0.94059     0.00199     0.03844     0.00000     0.04043
    -0.93059     0.00135     0.02602     0.00000     0.02736
    -0.92059     0.00084     0.01627     0.00000     0.01712
    -0.91059     0.00049     0.00941     0.00000     0.00990
    -0.90059     0.00026     0.00506     0.00000     0.00533
    -0.89059     0.00014     0.00262     0.00000     0.00275
    -0.88059     0.00009     0.00151     0.00000     0.00160
    -0.87059     0.00010     0.00143     0.00000     0.00152
    -0.86059     0.00017     0.00234     0.00000     0.00251
    -0.85059     0.00034     0.00458     0.00000     0.00492
    -0.84059     0.00065     0.00872     0.00000     0.00937
    -0.83059     0.00116     0.01550     0.00000     0.01666
    -0.82059     0.00190     0.02548     0.00000     0.02739
    -0.81059     0.00289     0.03869     0.00000     0.04158
    -0.80059     0.00405     0.05424     0.00000     0.05830
    -0.79059     0.00525     0.07025     0.00000     0.07550
    -0.78059     0.00628     0.08401     0.00000     0.09029
    -0.77059     0.00693     0.09278     0.00000     0.09971
    -0.76059     0.00707     0.09461     0.00000     0.10168
    -0.75059     0.00666     0.08910     0.00000     0.09576
    -0.74059     0.00579     0.07749     0.00000     0.08328
    -0.73059     0.00465     0.06222     0.00000     0.06687
    -0.72059     0.00345     0.04615     0.00000     0.04960
    -0.71059     0.00236     0.03161     0.00000     0.03397
    -0.70059     0.00149     0.01999     0.00000     0.02148
    -0.69059     0.00087     0.01167     0.00000     0.01255
    -0.68059     0.00047     0.00630     0.00000     0.00677
    -0.67059     0.00023     0.00314     0.00000     0.00337
    -0.66059     0.00011     0.00144     0.00000     0.00155
    -0.65059     0.00005     0.00061     0.00000     0.00066
    -0.64059     0.00002     0.00024     0.00000     0.00026
    -0.63059     0.00001     0.00009     0.00000     0.00009
    -0.62059     0.00000     0.00003     0.00000     0.00003
    -0.61059     0.00000     0.00001     0.00000     0.00001
    -0.60059     0.00000     0.00000     0.00000     0.00000
    -0.59059     0.00000     0.00000     0.00000     0.00000
    -0.58059     0.00000     0.00000     0.00000     0.00000
    -0.57059     0.00000     0.00001     0.00000     0.00001
    -0.56059     0.00000     0.00004     0.00000     0.00004
    -0.55059     0.00001     0.00011     0.00000     0.00011
    -0.54059     0.00002     0.00030     0.00000     0.00032
    -0.53059     0.00005     0.00077     0.00000     0.00083
    -0.52059     0.00013     0.00185     0.00000     0.00198
    -0.51059     0.00029     0.00407     0.00000     0.00436
    -0.50059     0.00059     0.00831     0.00000     0.00889
    -0.49059     0.00110     0.01563     0.00000     0.01674
    -0.48059     0.00192     0.02719     0.00000     0.02910
    -0.47059     0.00307     0.04364     0.00000     0.04671
    -0.46059     0.00456     0.06469     0.00000     0.06924
    -0.45059     0.00624     0.08855     0.00000     0.09480
    -0.44059     0.00789     0.11196     0.00000     0.11985
    -0.43059     0.00921     0.13071     0.00000     0.13992
    -0.42059     0.00993     0.14098     0.00000     0.15091
    -0.41059     0.00989     0.14050     0.00000     0.15039
    -0.40059     0.00912     0.12955     0.00000     0.13867
    -0.39059     0.00779     0.11097     0.00000     0.11876
    -0.38059     0.00621     0.08926     0.00000     0.09547
    -0.37059     0.00473     0.06941     0.00000     0.07414
    -0.36059     0.00362     0.05581     0.00000     0.05943
    -0.35059     0.00308     0.05151     0.00000     0.05459
    -0.34059     0.00317     0.05803     0.00000     0.06120
    -0.33059     0.00388     0.07507     0.00000     0.07895
    -0.32059     0.00509     0.10056     0.00000     0.10564
    -0.31059     0.00656     0.13061     0.00000     0.13718
    -0.30059     0.00803     0.16013     0.00000     0.16817
    -0.29059     0.00921     0.18386     0.00000     0.19307
    -0.28059     0.00987     0.19790     0.00000     0.20777
    -0.27059     0.00991     0.20084     0.00000     0.21075
    -0.26059     0.00939     0.19400     0.00000     0.20339
    -0.25059     0.00848     0.18051     0.00000     0.18899
    -0.24059     0.00738     0.16388     0.00000     0.17126
    -0.23059     0.00627     0.14653     0.00000     0.15280
    -0.22059     0.00525     0.12932     0.00000     0.13457
    -0.21059     0.00432     0.11200     0.00000     0.11632
    -0.20059     0.00348     0.09409     0.00000     0.09758
    -0.19059     0.00272     0.07569     0.00000     0.07841
    -0.18059     0.00203     0.05764     0.00000     0.05967
    -0.17059     0.00143     0.04120     0.00000     0.04262
    -0.16059     0.00094     0.02747     0.00000     0.02841
    -0.15059     0.00058     0.01702     0.00000     0.01760
    -0.14059     0.00033     0.00978     0.00000     0.01011
    -0.13059     0.00018     0.00520     0.00000     0.00537
    -0.12059     0.00009     0.00256     0.00000     0.00264
    -0.11059     0.00004     0.00116     0.00000     0.00120
    -0.10059     0.00002     0.00049     0.00000     0.00050
    -0.08959     0.00001     0.00019     0.00000     0.00020
    -0.07959     0.00000     0.00007     0.00000     0.00007
    -0.06959     0.00000     0.00002     0.00000     0.00002
    -0.05959     0.00000     0.00001     0.00000     0.00001
    -0.04959     0.00000     0.00000     0.00000     0.00000
    -0.03959     0.00000     0.00000     0.00000     0.00000
    -0.02959     0.00000     0.00000     0.00000     0.00000
    -0.01959     0.00000     0.00000     0.00000     0.00000
    -0.00959     0.00000     0.00000     0.00000     0.00000
     0.00041     0.00000     0.00000     0.00000     0.00000
     0.01041     0.00000     0.00000     0.00000     0.00000
     0.02041     0.00000     0.00000     0.00000     0.00000
     0.03041     0.00000     0.00000     0.00000     0.00000
     0.04041     0.00000     0.00000     0.00000     0.00000
     0.05041     0.00000     0.00000     0.00000     0.00000
     0.06041     0.00000     0.00000     0.00000     0.00000
     0.07041     0.00000     0.00000     0.00000     0.00000
     0.08041     0.00000     0.00000     0.00000     0.00000
     0.09041     0.00000     0.00000     0.00000     0.00000
     0.10041     0.00000     0.00000     0.00000     0.00000
     0.11041     0.00000     0.00000     0.00000     0.00000
     0.12041     0.00000     0.00000     0.00000     0.00000
     0.13041     0.00000     0.00000     0.00000     0.00000
     0.14041     0.00000     0.00000     0.00000     0.00000
     0.15041     0.00000     0.00000     0.00000     0.00000
     0.16041     0.00000     0.00000     0.00000     0.00000
     0.17041     0.00000     0.00000     0.00000     0.00000
     0.18041     0.00000     0.00000     0.00000     0.00000
     0.19041     0.00000     0.00000     0.00000     0.00000
     0.20041     0.00000     0.00000     0.00000     0.00000
     0.21041     0.00000     0.00000     0.00000     0.00000
     0.22041     0.00000     0.00000     0.00000     0.00000
     0.23041     0.00000     0.00000     0.00000     0.00000
     0.24041     0.00000     0.00000     0.00000     0.00000
     0.25041     0.00000     0.00000     0.00000     0.00000
     0.26041     0.00000     0.00000     0.00000     0.00000
     0.27041     0.00000     0.00001     0.00000     0.00001
     0.28041     0.00000     0.00002     0.00000     0.00002
     0.29041     0.00000     0.00006     0.00000     0.00007
     0.30041     0.00001     0.00018     0.00000     0.00019
     0.31041     0.00003     0.00046     0.00000     0.00050
     0.32041     0.00008     0.00111     0.00000     0.00119
     0.33041     0.00018     0.00244     0.00000     0.00262
     0.34041     0.00036     0.00496     0.00000     0.00532
     0.35041     0.00068     0.00932     0.00000     0.01000
     0.36041     0.00118     0.01617     0.00000     0.01735
     0.37041     0.00188     0.02590     0.00000     0.02779
     0.38041     0.00279     0.03832     0.00000     0.04111
     0.39041     0.00381     0.05235     0.00000     0.05616
     0.40041     0.00480     0.06604     0.00000     0.07084
     0.41041     0.00560     0.07693     0.00000     0.08253
     0.42041     0.00602     0.08276     0.00000     0.08878
     0.43041     0.00598     0.08222     0.00000     0.08820
     0.44041     0.00549     0.07542     0.00000     0.08091
     0.45041     0.00465     0.06390     0.00000     0.06855
     0.46041     0.00364     0.04999     0.00000     0.05363
     0.47041     0.00263     0.03612     0.00000     0.03874
     0.48041     0.00175     0.02409     0.00000     0.02584
     0.49041     0.00108     0.01485     0.00000     0.01592
     0.50041     0.00061     0.00845     0.00000     0.00906
     0.51041     0.00032     0.00444     0.00000     0.00476
     0.52041     0.00016     0.00215     0.00000     0.00231
     0.53041     0.00007     0.00096     0.00000     0.00103
     0.54041     0.00003     0.00040     0.00000     0.00043
     0.55041     0.00001     0.00015     0.00000     0.00016
     0.56041     0.00000     0.00005     0.00000     0.00006
     0.57041     0.00000     0.00002     0.00000     0.00002
     0.58041     0.00000     0.00001     0.00000     0.00001
     0.59041     0.00000     0.00000     0.00000     0.00000
     0.60041     0.00000     0.00001     0.00000     0.00001
     0.61041     0.00000     0.00002     0.00000     0.00002
     0.62041     0.00000     0.00007     0.00000     0.00007
     0.63041     0.00001     0.00020     0.00000     0.00020
     0.64041     0.00002     0.00050     0.00000     0.00052
     0.65041     0.00005     0.00117     0.00000     0.00122
     0.66041     0.00010     0.00254     0.00000     0.00264
     0.67041     0.00020     0.00511     0.00000     0.00531
     0.68041     0.00037     0.00948     0.00000     0.00985
     0.69041     0.00063     0.01625     0.00000     0.01688
     0.70041     0.00100     0.02578     0.00000     0.02678
     0.71041     0.00148     0.03787     0.00000     0.03935
     0.72041     0.00201     0.05164     0.00000     0.05365
     0.73041     0.00256     0.06561     0.00000     0.06817
     0.74041     0.00306     0.07818     0.00000     0.08124
     0.75041     0.00348     0.08828     0.00000     0.09175
     0.76041     0.00381     0.09589     0.00000     0.09970
     0.77041     0.00411     0.10217     0.00000     0.10629
     0.78041     0.00446     0.10897     0.00000     0.11343
     0.79041     0.00492     0.11777     0.00000     0.12269
     0.80041     0.00551     0.12900     0.00000     0.13451
     0.81041     0.00619     0.14157     0.00000     0.14776
     0.82041     0.00685     0.15323     0.00000     0.16008
     0.83041     0.00737     0.16130     0.00000     0.16867
     0.84041     0.00763     0.16342     0.00000     0.17105
     0.85041     0.00757     0.15862     0.00000     0.16619
     0.86041     0.00715     0.14673     0.00000     0.15388
     0.87041     0.00643     0.12939     0.00000     0.13582
     0.88041     0.00554     0.10903     0.00000     0.11457
     0.89041     0.00465     0.08902     0.00000     0.09367
     0.90041     0.00399     0.07309     0.00000     0.07708
     0.91141     0.00380     0.06494     0.00000     0.06874
     0.92141     0.00428     0.06767     0.00000     0.07195
     0.93141     0.00558     0.08310     0.00000     0.08868
     0.94141     0.00770     0.11095     0.00000     0.11865
     0.95141     0.01044     0.14827     0.00000     0.15871
     0.96141     0.01340     0.18906     0.00000     0.20246
     0.97141     0.01606     0.22568     0.00000     0.24174
     0.98141     0.01783     0.25015     0.00000     0.26799
     0.99141     0.01835     0.25681     0.00000     0.27517
     1.00141     0.01752     0.24446     0.00000     0.26198
     1.01141     0.01559     0.21657     0.00000     0.23216
     1.02141     0.01310     0.18038     0.00000     0.19347
     1.03141     0.01067     0.14470     0.00000     0.15537
     1.04141     0.00887     0.11701     0.00000     0.12589
     1.05141     0.00806     0.10218     0.00000     0.11025
     1.06141     0.00834     0.10164     0.00000     0.10998
     1.07141     0.00956     0.11384     0.00000     0.12341
     1.08141     0.01144     0.13519     0.00000     0.14663
     1.09141     0.01360     0.16109     0.00000     0.17468
     1.10141     0.01564     0.18691     0.00000     0.20255
     1.11141     0.01723     0.20808     0.00000     0.22531
     1.12141     0.01811     0.22107     0.00000     0.23918
     1.13141     0.01810     0.22328     0.00000     0.24138
     1.14141     0.01716     0.21369     0.00000     0.23085
     1.15141     0.01538     0.19306     0.00000     0.20844
     1.16141     0.01298     0.16396     0.00000     0.17694
     1.17141     0.01027     0.13052     0.00000     0.14080
     1.18141     0.00761     0.09701     0.00000     0.10461
     1.19141     0.00525     0.06714     0.00000     0.07239
     1.20141     0.00337     0.04318     0.00000     0.04655
     1.21141     0.00201     0.02577     0.00000     0.02778
     1.22141     0.00111     0.01425     0.00000     0.01536
     1.23141     0.00057     0.00729     0.00000     0.00786
     1.24141     0.00027     0.00345     0.00000     0.00372
     1.25141     0.00012     0.00151     0.00000     0.00163
     1.26141     0.00005     0.00061     0.00000     0.00066
     1.27141     0.00002     0.00023     0.00000     0.00025
     1.28141     0.00001     0.00008     0.00000     0.00009
     1.29141     0.00000     0.00004     0.00000     0.00004
     1.30141     0.00000     0.00004     0.00000     0.00005
     1.31141     0.00001     0.00010     0.00000     0.00011
     1.32141     0.00002     0.00025     0.00000     0.00027
     1.33141     0.00004     0.00058     0.00000     0.00062
     1.34141     0.00009     0.00123     0.00000     0.00132
     1.35141     0.00018     0.00241     0.00000     0.00259
     1.36141     0.00033     0.00435     0.00000     0.00468
     1.37141     0.00055     0.00727     0.00000     0.00782
     1.38141     0.00084     0.01122     0.00000     0.01206
     1.39141     0.00120     0.01600     0.00000     0.01719
     1.40141     0.00158     0.02106     0.00000     0.02264
     1.41141     0.00192     0.02562     0.00000     0.02754
     1.42141     0.00216     0.02883     0.00000     0.03099
     1.43141     0.00225     0.03007     0.00000     0.03232
     1.44141     0.00218     0.02924     0.00000     0.03142
     1.45141     0.00199     0.02684     0.00000     0.02882
     1.46141     0.00174     0.02390     0.00000     0.02564
     1.47141     0.00154     0.02171     0.00000     0.02325
     1.48141     0.00146     0.02142     0.00000     0.02288
     1.49141     0.00154     0.02373     0.00000     0.02527
     1.50141     0.00180     0.02860     0.00000     0.03040
     1.51141     0.00218     0.03522     0.00000     0.03740
     1.52141     0.00258     0.04212     0.00000     0.04470
     1.53141     0.00291     0.04757     0.00000     0.05047
     1.54141     0.00305     0.05008     0.00000     0.05313
     1.55141     0.00298     0.04888     0.00000     0.05186
     1.56141     0.00269     0.04413     0.00000     0.04682
     1.57141     0.00224     0.03682     0.00000     0.03907
     1.58141     0.00173     0.02840     0.00000     0.03013
     1.59141     0.00124     0.02027     0.00000     0.02151
     1.60141     0.00083     0.01348     0.00000     0.01430
     1.61141     0.00054     0.00858     0.00000     0.00911
     1.62141     0.00038     0.00573     0.00000     0.00611
     1.63141     0.00037     0.00497     0.00000     0.00533
     1.64141     0.00052     0.00635     0.00000     0.00687
     1.65141     0.00085     0.01012     0.00000     0.01097
     1.66141     0.00141     0.01655     0.00000     0.01796
     1.67141     0.00220     0.02575     0.00000     0.02795
     1.68141     0.00319     0.03729     0.00000     0.04048
     1.69141     0.00429     0.05009     0.00000     0.05438
     1.70141     0.00536     0.06246     0.00000     0.06782
     1.71141     0.00625     0.07263     0.00000     0.07887
     1.72141     0.00686     0.07941     0.00000     0.08627
     1.73141     0.00722     0.08287     0.00000     0.09009
     1.74141     0.00746     0.08453     0.00000     0.09199
     1.75141     0.00780     0.08690     0.00000     0.09470
     1.76141     0.00848     0.09250     0.00000     0.10098
     1.77141     0.00960     0.10302     0.00000     0.11262
     1.78141     0.01117     0.11861     0.00000     0.12978
     1.79141     0.01307     0.13826     0.00000     0.15133
     1.80141     0.01513     0.16056     0.00000     0.17569
     1.81141     0.01726     0.18448     0.00000     0.20174
     1.82141     0.01942     0.20972     0.00000     0.22914
     1.83141     0.02159     0.23617     0.00000     0.25776
     1.84141     0.02371     0.26234     0.00000     0.28605
     1.85141     0.02551     0.28517     0.00000     0.31069
     1.86141     0.02660     0.29990     0.00000     0.32650
     1.87141     0.02659     0.30160     0.00000     0.32819
     1.88141     0.02520     0.28711     0.00000     0.31231
     1.89141     0.02247     0.25701     0.00000     0.27948
     1.90141     0.01876     0.21517     0.00000     0.23393
     1.91241     0.01461     0.16796     0.00000     0.18257
     1.92241     0.01061     0.12216     0.00000     0.13276
     1.93241     0.00720     0.08298     0.00000     0.09018
     1.94241     0.00465     0.05342     0.00000     0.05806
     1.95241     0.00301     0.03421     0.00000     0.03721
     1.96241     0.00223     0.02467     0.00000     0.02690
     1.97241     0.00222     0.02355     0.00000     0.02577
     1.98241     0.00285     0.02951     0.00000     0.03236
     1.99241     0.00401     0.04107     0.00000     0.04508
     2.00241     0.00553     0.05642     0.00000     0.06195
     2.01241     0.00716     0.07306     0.00000     0.08022
     2.02241     0.00863     0.08803     0.00000     0.09666
     2.03241     0.00965     0.09846     0.00000     0.10811
     2.04241     0.01005     0.10255     0.00000     0.11260
     2.05241     0.00983     0.10028     0.00000     0.11011
     2.06241     0.00917     0.09350     0.00000     0.10267
     2.07241     0.00840     0.08544     0.00000     0.09384
     2.08241     0.00785     0.07942     0.00000     0.08727
     2.09241     0.00774     0.07776     0.00000     0.08550
     2.10241     0.00812     0.08081     0.00000     0.08893
     2.11241     0.00881     0.08697     0.00000     0.09578
     2.12241     0.00951     0.09329     0.00000     0.10280
     2.13241     0.00989     0.09671     0.00000     0.10660
     2.14241     0.00972     0.09516     0.00000     0.10488
     2.15241     0.00895     0.08832     0.00000     0.09727
     2.16241     0.00769     0.07760     0.00000     0.08528
     2.17241     0.00618     0.06543     0.00000     0.07161
     2.18241     0.00470     0.05432     0.00000     0.05903
     2.19241     0.00343     0.04604     0.00000     0.04947
     2.20241     0.00248     0.04113     0.00000     0.04361
     2.21241     0.00185     0.03908     0.00000     0.04093
     2.22241     0.00146     0.03871     0.00000     0.04018
     2.23241     0.00126     0.03874     0.00000     0.04000
     2.24241     0.00119     0.03821     0.00000     0.03940
     2.25241     0.00121     0.03676     0.00000     0.03797
     2.26241     0.00132     0.03448     0.00000     0.03580
     2.27241     0.00152     0.03190     0.00000     0.03342
     2.28241     0.00180     0.02958     0.00000     0.03138
     2.29241     0.00215     0.02801     0.00000     0.03016
     2.30241     0.00253     0.02746     0.00000     0.02999
     2.31241     0.00292     0.02793     0.00000     0.03085
     2.32241     0.00328     0.02925     0.00000     0.03253
     2.33241     0.00359     0.03107     0.00000     0.03467
     2.34241     0.00382     0.03294     0.00000     0.03676
     2.35241     0.00394     0.03439     0.00000     0.03833
     2.36241     0.00391     0.03498     0.00000     0.03890
     2.37241     0.00373     0.03448     0.00000     0.03821
     2.38241     0.00341     0.03293     0.00000     0.03634
     2.39241     0.00300     0.03059     0.00000     0.03359
     2.40241     0.00254     0.02794     0.00000     0.03048
     2.41241     0.00211     0.02547     0.00000     0.02758
     2.42241     0.00176     0.02360     0.00000     0.02536
     2.43241     0.00150     0.02263     0.00000     0.02413
     2.44241     0.00136     0.02272     0.00000     0.02408
     2.45241     0.00133     0.02398     0.00000     0.02531
     2.46241     0.00141     0.02647     0.00000     0.02789
     2.47241     0.00161     0.03027     0.00000     0.03188
     2.48241     0.00193     0.03543     0.00000     0.03736
     2.49241     0.00236     0.04199     0.00000     0.04435
     2.50241     0.00288     0.04969     0.00000     0.05258
     2.51241     0.00344     0.05789     0.00000     0.06133
     2.52241     0.00396     0.06551     0.00000     0.06947
     2.53241     0.00433     0.07127     0.00000     0.07560
     2.54241     0.00449     0.07409     0.00000     0.07858
     2.55241     0.00441     0.07358     0.00000     0.07799
     2.56241     0.00413     0.07035     0.00000     0.07447
     2.57241     0.00372     0.06575     0.00000     0.06947
     2.58241     0.00329     0.06156     0.00000     0.06485
     2.59241     0.00293     0.05922     0.00000     0.06215
     2.60241     0.00266     0.05942     0.00000     0.06209
     2.61241     0.00249     0.06196     0.00000     0.06445
     2.62241     0.00237     0.06581     0.00000     0.06817
     2.63241     0.00226     0.06959     0.00000     0.07186
     2.64241     0.00215     0.07194     0.00000     0.07409
     2.65241     0.00201     0.07195     0.00000     0.07396
     2.66241     0.00186     0.06941     0.00000     0.07127
     2.67241     0.00171     0.06488     0.00000     0.06659
     2.68241     0.00159     0.05941     0.00000     0.06100
     2.69241     0.00152     0.05418     0.00000     0.05570
     2.70241     0.00150     0.05018     0.00000     0.05168
     2.71241     0.00155     0.04790     0.00000     0.04945
     2.72241     0.00166     0.04733     0.00000     0.04899
     2.73241     0.00183     0.04802     0.00000     0.04985
     2.74241     0.00205     0.04936     0.00000     0.05141
     2.75241     0.00232     0.05073     0.00000     0.05304
     2.76241     0.00260     0.05165     0.00000     0.05425
     2.77241     0.00288     0.05196     0.00000     0.05484
     2.78241     0.00313     0.05174     0.00000     0.05486
     2.79241     0.00335     0.05148     0.00000     0.05482
     2.80241     0.00356     0.05190     0.00000     0.05546
     2.81241     0.00383     0.05388     0.00000     0.05771
     2.82241     0.00419     0.05808     0.00000     0.06227
     2.83241     0.00466     0.06473     0.00000     0.06939
     2.84241     0.00523     0.07334     0.00000     0.07857
     2.85241     0.00582     0.08272     0.00000     0.08854
     2.86241     0.00631     0.09130     0.00000     0.09761
     2.87241     0.00662     0.09742     0.00000     0.10403
     2.88241     0.00667     0.09989     0.00000     0.10656
     2.89241     0.00648     0.09831     0.00000     0.10479
     2.90241     0.00613     0.09308     0.00000     0.09921
     2.91341     0.00571     0.08542     0.00000     0.09113
     2.92341     0.00535     0.07703     0.00000     0.08238
     2.93341     0.00516     0.06963     0.00000     0.07479
     2.94341     0.00516     0.06463     0.00000     0.06979
     2.95341     0.00533     0.06271     0.00000     0.06804
     2.96341     0.00558     0.06369     0.00000     0.06927
     2.97341     0.00578     0.06669     0.00000     0.07247
     2.98341     0.00583     0.07040     0.00000     0.07623
     2.99341     0.00568     0.07354     0.00000     0.07922
     3.00341     0.00532     0.07525     0.00000     0.08057
     3.01341     0.00482     0.07543     0.00000     0.08025
     3.02341     0.00428     0.07466     0.00000     0.07894
     3.03341     0.00380     0.07408     0.00000     0.07788
     3.04341     0.00345     0.07481     0.00000     0.07826
     3.05341     0.00327     0.07759     0.00000     0.08087
     3.06341     0.00326     0.08246     0.00000     0.08572
     3.07341     0.00339     0.08865     0.00000     0.09204
     3.08341     0.00361     0.09491     0.00000     0.09852
     3.09341     0.00386     0.09983     0.00000     0.10369
     3.10341     0.00411     0.10229     0.00000     0.10640
     3.11341     0.00432     0.10170     0.00000     0.10602
     3.12341     0.00449     0.09805     0.00000     0.10254
     3.13341     0.00461     0.09191     0.00000     0.09652
     3.14341     0.00467     0.08422     0.00000     0.08889
     3.15341     0.00470     0.07605     0.00000     0.08075
     3.16341     0.00472     0.06836     0.00000     0.07308
     3.17341     0.00475     0.06183     0.00000     0.06658
     3.18341     0.00477     0.05670     0.00000     0.06146
     3.19341     0.00476     0.05273     0.00000     0.05749
     3.20341     0.00465     0.04945     0.00000     0.05410
     3.21341     0.00442     0.04643     0.00000     0.05084
     3.22341     0.00403     0.04364     0.00000     0.04767
     3.23341     0.00353     0.04153     0.00000     0.04505
     3.24341     0.00299     0.04098     0.00000     0.04397
     3.25341     0.00251     0.04269     0.00000     0.04520
     3.26341     0.00217     0.04693     0.00000     0.04910
     3.27341     0.00200     0.05323     0.00000     0.05523
     3.28341     0.00204     0.06044     0.00000     0.06248
     3.29341     0.00228     0.06743     0.00000     0.06971
     3.30341     0.00273     0.07357     0.00000     0.07630
     3.31341     0.00343     0.07911     0.00000     0.08254
     3.32341     0.00440     0.08509     0.00000     0.08949
     3.33341     0.00565     0.09272     0.00000     0.09837
     3.34341     0.00712     0.10257     0.00000     0.10969
     3.35341     0.00867     0.11400     0.00000     0.12268
     3.36341     0.01009     0.12513     0.00000     0.13522
     3.37341     0.01115     0.13331     0.00000     0.14446
     3.38341     0.01166     0.13617     0.00000     0.14783
     3.39341     0.01156     0.13248     0.00000     0.14404
     3.40341     0.01092     0.12268     0.00000     0.13360
     3.41341     0.00996     0.10881     0.00000     0.11877
     3.42341     0.00895     0.09377     0.00000     0.10272
     3.43341     0.00815     0.08042     0.00000     0.08857
     3.44341     0.00770     0.07061     0.00000     0.07831
     3.45341     0.00758     0.06481     0.00000     0.07239
     3.46341     0.00765     0.06212     0.00000     0.06977
     3.47341     0.00771     0.06092     0.00000     0.06864
     3.48341     0.00757     0.05954     0.00000     0.06711
     3.49341     0.00714     0.05676     0.00000     0.06390
     3.50341     0.00641     0.05223     0.00000     0.05864
     3.51341     0.00548     0.04637     0.00000     0.05186
     3.52341     0.00450     0.04019     0.00000     0.04469
     3.53341     0.00362     0.03504     0.00000     0.03866
     3.54341     0.00296     0.03241     0.00000     0.03537
     3.55341     0.00262     0.03369     0.00000     0.03630
     3.56341     0.00266     0.03986     0.00000     0.04251
     3.57341     0.00308     0.05131     0.00000     0.05439
     3.58341     0.00385     0.06756     0.00000     0.07141
     3.59341     0.00488     0.08719     0.00000     0.09207
     3.60341     0.00606     0.10791     0.00000     0.11397
     3.61341     0.00726     0.12704     0.00000     0.13430
     3.62341     0.00834     0.14199     0.00000     0.15033
     3.63341     0.00924     0.15099     0.00000     0.16023
     3.64341     0.00991     0.15348     0.00000     0.16339
     3.65341     0.01038     0.15036     0.00000     0.16074
     3.66341     0.01072     0.14365     0.00000     0.15437
     3.67341     0.01101     0.13581     0.00000     0.14682
     3.68341     0.01131     0.12895     0.00000     0.14026
     3.69341     0.01163     0.12421     0.00000     0.13584
     3.70341     0.01191     0.12161     0.00000     0.13352
     3.71341     0.01208     0.12018     0.00000     0.13226
     3.72341     0.01206     0.11870     0.00000     0.13076
     3.73341     0.01177     0.11607     0.00000     0.12784
     3.74341     0.01122     0.11171     0.00000     0.12293
     3.75341     0.01042     0.10563     0.00000     0.11605
     3.76341     0.00947     0.09828     0.00000     0.10775
     3.77341     0.00847     0.09046     0.00000     0.09893
     3.78341     0.00754     0.08308     0.00000     0.09062
     3.79341     0.00680     0.07693     0.00000     0.08373
     3.80341     0.00629     0.07253     0.00000     0.07882
     3.81341     0.00599     0.06978     0.00000     0.07577
     3.82341     0.00584     0.06810     0.00000     0.07394
     3.83341     0.00572     0.06655     0.00000     0.07227
     3.84341     0.00555     0.06421     0.00000     0.06976
     3.85341     0.00530     0.06071     0.00000     0.06602
     3.86341     0.00504     0.05645     0.00000     0.06149
     3.87341     0.00486     0.05258     0.00000     0.05745
     3.88341     0.00489     0.05067     0.00000     0.05556
     3.89341     0.00518     0.05208     0.00000     0.05726
     3.90341     0.00574     0.05750     0.00000     0.06323
     3.91441     0.00646     0.06661     0.00000     0.07307
     3.92441     0.00720     0.07806     0.00000     0.08526
     3.93441     0.00780     0.08968     0.00000     0.09747
     3.94441     0.00813     0.09899     0.00000     0.10712
     3.95441     0.00816     0.10394     0.00000     0.11210
     3.96441     0.00798     0.10343     0.00000     0.11141
     3.97441     0.00777     0.09789     0.00000     0.10566
     3.98441     0.00779     0.08916     0.00000     0.09695
     3.99441     0.00834     0.08000     0.00000     0.08834
     4.00441     0.00959     0.07316     0.00000     0.08275
     4.01441     0.01155     0.07046     0.00000     0.08202
     4.02441     0.01401     0.07220     0.00000     0.08621
     4.03441     0.01657     0.07724     0.00000     0.09381
     4.04441     0.01873     0.08350     0.00000     0.10223
     4.05441     0.02010     0.08874     0.00000     0.10884
     4.06441     0.02054     0.09155     0.00000     0.11209
     4.07441     0.02024     0.09181     0.00000     0.11206
     4.08441     0.01976     0.09089     0.00000     0.11065
     4.09441     0.01982     0.09129     0.00000     0.11111
     4.10441     0.02120     0.09606     0.00000     0.11726
     4.11441     0.02446     0.10777     0.00000     0.13223
     4.12441     0.02968     0.12757     0.00000     0.15725
     4.13441     0.03637     0.15440     0.00000     0.19077
     4.14441     0.04346     0.18469     0.00000     0.22815
     4.15441     0.04958     0.21316     0.00000     0.26274
     4.16441     0.05337     0.23408     0.00000     0.28745
     4.17441     0.05398     0.24296     0.00000     0.29694
     4.18441     0.05130     0.23791     0.00000     0.28921
     4.19441     0.04596     0.21999     0.00000     0.26595
     4.20441     0.03915     0.19287     0.00000     0.23202
     4.21441     0.03218     0.16155     0.00000     0.19373
     4.22441     0.02615     0.13103     0.00000     0.15718
     4.23441     0.02169     0.10516     0.00000     0.12685
     4.24441     0.01890     0.08597     0.00000     0.10487
     4.25441     0.01744     0.07358     0.00000     0.09102
     4.26441     0.01676     0.06668     0.00000     0.08344
     4.27441     0.01629     0.06333     0.00000     0.07962
     4.28441     0.01566     0.06182     0.00000     0.07749
     4.29441     0.01479     0.06131     0.00000     0.07610
     4.30441     0.01384     0.06194     0.00000     0.07579
     4.31441     0.01314     0.06466     0.00000     0.07780
     4.32441     0.01302     0.07034     0.00000     0.08336
     4.33441     0.01362     0.07919     0.00000     0.09281
     4.34441     0.01486     0.09019     0.00000     0.10505
     4.35441     0.01641     0.10121     0.00000     0.11762
     4.36441     0.01783     0.10971     0.00000     0.12755
     4.37441     0.01873     0.11371     0.00000     0.13244
     4.38441     0.01895     0.11265     0.00000     0.13160
     4.39441     0.01867     0.10764     0.00000     0.12630
     4.40441     0.01832     0.10120     0.00000     0.11952
     4.41441     0.01851     0.09644     0.00000     0.11495
     4.42441     0.01977     0.09595     0.00000     0.11572
     4.43441     0.02240     0.10118     0.00000     0.12358
     4.44441     0.02637     0.11216     0.00000     0.13853
     4.45441     0.03132     0.12772     0.00000     0.15904
     4.46441     0.03663     0.14601     0.00000     0.18264
     4.47441     0.04160     0.16518     0.00000     0.20678
     4.48441     0.04565     0.18365     0.00000     0.22930
     4.49441     0.04840     0.20032     0.00000     0.24872
     4.50441     0.04973     0.21430     0.00000     0.26403
     4.51441     0.04979     0.22476     0.00000     0.27455
     4.52441     0.04888     0.23081     0.00000     0.27970
     4.53441     0.04732     0.23166     0.00000     0.27898
     4.54441     0.04536     0.22694     0.00000     0.27230
     4.55441     0.04316     0.21693     0.00000     0.26009
     4.56441     0.04074     0.20259     0.00000     0.24333
     4.57441     0.03809     0.18537     0.00000     0.22346
     4.58441     0.03520     0.16672     0.00000     0.20192
     4.59441     0.03209     0.14794     0.00000     0.18003
     4.60441     0.02887     0.12991     0.00000     0.15878
     4.61441     0.02573     0.11335     0.00000     0.13908
     4.62441     0.02290     0.09883     0.00000     0.12173
     4.63441     0.02068     0.08710     0.00000     0.10778
     4.64441     0.01931     0.07907     0.00000     0.09838
     4.65441     0.01902     0.07566     0.00000     0.09468
     4.66441     0.01991     0.07758     0.00000     0.09749
     4.67441     0.02196     0.08492     0.00000     0.10688
     4.68441     0.02499     0.09692     0.00000     0.12191
     4.69441     0.02872     0.11191     0.00000     0.14063
     4.70441     0.03278     0.12755     0.00000     0.16033
     4.71441     0.03679     0.14140     0.00000     0.17819
     4.72441     0.04040     0.15151     0.00000     0.19191
     4.73441     0.04330     0.15688     0.00000     0.20018
     4.74441     0.04529     0.15756     0.00000     0.20285
     4.75441     0.04625     0.15449     0.00000     0.20074
     4.76441     0.04616     0.14885     0.00000     0.19501
     4.77441     0.04507     0.14169     0.00000     0.18676
     4.78441     0.04316     0.13368     0.00000     0.17684
     4.79441     0.04061     0.12517     0.00000     0.16579
     4.80441     0.03776     0.11660     0.00000     0.15436
     4.81441     0.03497     0.10876     0.00000     0.14373
     4.82441     0.03267     0.10284     0.00000     0.13551
     4.83441     0.03127     0.10017     0.00000     0.13144
     4.84441     0.03101     0.10179     0.00000     0.13280
     4.85441     0.03188     0.10801     0.00000     0.13989
     4.86441     0.03353     0.11809     0.00000     0.15162
     4.87441     0.03540     0.13044     0.00000     0.16584
     4.88441     0.03686     0.14274     0.00000     0.17960
     4.89441     0.03728     0.15253     0.00000     0.18981
     4.90441     0.03637     0.15763     0.00000     0.19400
     4.91541     0.03404     0.15661     0.00000     0.19065
     4.92541     0.03050     0.14898     0.00000     0.17948
     4.93541     0.02613     0.13534     0.00000     0.16146
     4.94541     0.02140     0.11722     0.00000     0.13862
     4.95541     0.01677     0.09675     0.00000     0.11351
     4.96541     0.01266     0.07639     0.00000     0.08906
     4.97541     0.00943     0.05844     0.00000     0.06787
     4.98541     0.00728     0.04475     0.00000     0.05203
     4.99541     0.00634     0.03642     0.00000     0.04276
     5.00541     0.00662     0.03377     0.00000     0.04038
     5.01541     0.00801     0.03626     0.00000     0.04427
     5.02541     0.01029     0.04276     0.00000     0.05304
     5.03541     0.01309     0.05154     0.00000     0.06464
     5.04541     0.01597     0.06079     0.00000     0.07676
     5.05541     0.01846     0.06877     0.00000     0.08723
     5.06541     0.02015     0.07426     0.00000     0.09441
     5.07541     0.02085     0.07668     0.00000     0.09752
     5.08541     0.02057     0.07623     0.00000     0.09680
     5.09541     0.01960     0.07367     0.00000     0.09327
     5.10541     0.01836     0.07015     0.00000     0.08850
     5.11541     0.01734     0.06692     0.00000     0.08426
     5.12541     0.01700     0.06511     0.00000     0.08211
     5.13541     0.01762     0.06558     0.00000     0.08320
     5.14541     0.01930     0.06882     0.00000     0.08812
     5.15541     0.02198     0.07499     0.00000     0.09697
     5.16541     0.02540     0.08394     0.00000     0.10934
     5.17541     0.02925     0.09536     0.00000     0.12461
     5.18541     0.03317     0.10881     0.00000     0.14198
     5.19541     0.03687     0.12370     0.00000     0.16057
     5.20541     0.04011     0.13939     0.00000     0.17950
     5.21541     0.04279     0.15516     0.00000     0.19795
     5.22541     0.04490     0.17024     0.00000     0.21514
     5.23541     0.04650     0.18381     0.00000     0.23031
     5.24541     0.04766     0.19499     0.00000     0.24265
     5.25541     0.04834     0.20278     0.00000     0.25112
     5.26541     0.04842     0.20606     0.00000     0.25448
     5.27541     0.04760     0.20389     0.00000     0.25149
     5.28541     0.04569     0.19585     0.00000     0.24155
     5.29541     0.04255     0.18237     0.00000     0.22492
     5.30541     0.03832     0.16494     0.00000     0.20326
     5.31541     0.03335     0.14569     0.00000     0.17904
     5.32541     0.02817     0.12685     0.00000     0.15503
     5.33541     0.02330     0.11008     0.00000     0.13338
     5.34541     0.01913     0.09609     0.00000     0.11522
     5.35541     0.01585     0.08478     0.00000     0.10062
     5.36541     0.01345     0.07555     0.00000     0.08900
     5.37541     0.01183     0.06781     0.00000     0.07964
     5.38541     0.01085     0.06127     0.00000     0.07212
     5.39541     0.01045     0.05607     0.00000     0.06652
     5.40541     0.01058     0.05252     0.00000     0.06309
     5.41541     0.01124     0.05093     0.00000     0.06217
     5.42541     0.01241     0.05144     0.00000     0.06385
     5.43541     0.01402     0.05399     0.00000     0.06801
     5.44541     0.01596     0.05832     0.00000     0.07428
     5.45541     0.01813     0.06423     0.00000     0.08236
     5.46541     0.02047     0.07161     0.00000     0.09208
     5.47541     0.02293     0.08053     0.00000     0.10346
     5.48541     0.02549     0.09122     0.00000     0.11671
     5.49541     0.02814     0.10392     0.00000     0.13206
     5.50541     0.03078     0.11883     0.00000     0.14961
     5.51541     0.03333     0.13563     0.00000     0.16896
     5.52541     0.03563     0.15346     0.00000     0.18909
     5.53541     0.03759     0.17067     0.00000     0.20825
     5.54541     0.03906     0.18509     0.00000     0.22415
     5.55541     0.04001     0.19449     0.00000     0.23450
     5.56541     0.04045     0.19727     0.00000     0.23772
     5.57541     0.04044     0.19292     0.00000     0.23336
     5.58541     0.04007     0.18230     0.00000     0.22237
     5.59541     0.03940     0.16728     0.00000     0.20668
     5.60541     0.03843     0.15024     0.00000     0.18867
     5.61541     0.03709     0.13341     0.00000     0.17050
     5.62541     0.03535     0.11842     0.00000     0.15377
     5.63541     0.03327     0.10623     0.00000     0.13950
     5.64541     0.03095     0.09706     0.00000     0.12801
     5.65541     0.02862     0.09065     0.00000     0.11927
     5.66541     0.02646     0.08655     0.00000     0.11301
     5.67541     0.02464     0.08436     0.00000     0.10901
     5.68541     0.02327     0.08392     0.00000     0.10719
     5.69541     0.02242     0.08541     0.00000     0.10783
     5.70541     0.02212     0.08909     0.00000     0.11122
     5.71541     0.02242     0.09520     0.00000     0.11762
     5.72541     0.02331     0.10361     0.00000     0.12692
     5.73541     0.02476     0.11383     0.00000     0.13859
     5.74541     0.02672     0.12486     0.00000     0.15158
     5.75541     0.02905     0.13540     0.00000     0.16445
     5.76541     0.03150     0.14381     0.00000     0.17531
     5.77541     0.03377     0.14851     0.00000     0.18228
     5.78541     0.03549     0.14832     0.00000     0.18381
     5.79541     0.03637     0.14278     0.00000     0.17915
     5.80541     0.03629     0.13256     0.00000     0.16885
     5.81541     0.03539     0.11931     0.00000     0.15470
     5.82541     0.03397     0.10533     0.00000     0.13930
     5.83541     0.03250     0.09302     0.00000     0.12552
     5.84541     0.03138     0.08427     0.00000     0.11564
     5.85541     0.03084     0.08016     0.00000     0.11100
     5.86541     0.03090     0.08088     0.00000     0.11178
     5.87541     0.03132     0.08582     0.00000     0.11714
     5.88541     0.03173     0.09385     0.00000     0.12559
     5.89541     0.03178     0.10368     0.00000     0.13546
     5.90541     0.03119     0.11386     0.00000     0.14505
     5.91641     0.02994     0.12309     0.00000     0.15303
     5.92641     0.02813     0.13019     0.00000     0.15832
     5.93641     0.02603     0.13440     0.00000     0.16043
     5.94641     0.02395     0.13550     0.00000     0.15945
     5.95641     0.02213     0.13392     0.00000     0.15605
     5.96641     0.02082     0.13073     0.00000     0.15155
     5.97641     0.02016     0.12727     0.00000     0.14743
     5.98641     0.02021     0.12483     0.00000     0.14504
     5.99641     0.02099     0.12421     0.00000     0.14520
     6.00641     0.02240     0.12563     0.00000     0.14803
     6.01641     0.02432     0.12874     0.00000     0.15306
     6.02641     0.02660     0.13297     0.00000     0.15957
     6.03641     0.02910     0.13783     0.00000     0.16693
     6.04641     0.03170     0.14314     0.00000     0.17484
     6.05641     0.03427     0.14903     0.00000     0.18330
     6.06641     0.03667     0.15565     0.00000     0.19233
     6.07641     0.03869     0.16311     0.00000     0.20180
     6.08641     0.04014     0.17129     0.00000     0.21143
     6.09641     0.04085     0.17991     0.00000     0.22076
     6.10641     0.04081     0.18864     0.00000     0.22945
     6.11641     0.04012     0.19705     0.00000     0.23717
     6.12641     0.03898     0.20444     0.00000     0.24343
     6.13641     0.03761     0.20987     0.00000     0.24748
     6.14641     0.03612     0.21218     0.00000     0.24830
     6.15641     0.03467     0.21037     0.00000     0.24504
     6.16641     0.03330     0.20402     0.00000     0.23732
     6.17641     0.03215     0.19356     0.00000     0.22571
     6.18641     0.03135     0.18036     0.00000     0.21171
     6.19641     0.03106     0.16627     0.00000     0.19733
     6.20641     0.03146     0.15313     0.00000     0.18459
     6.21641     0.03266     0.14232     0.00000     0.17498
     6.22641     0.03471     0.13439     0.00000     0.16910
     6.23641     0.03756     0.12914     0.00000     0.16670
     6.24641     0.04106     0.12587     0.00000     0.16693
     6.25641     0.04484     0.12378     0.00000     0.16862
     6.26641     0.04837     0.12228     0.00000     0.17065
     6.27641     0.05103     0.12107     0.00000     0.17210
     6.28641     0.05224     0.12027     0.00000     0.17252
     6.29641     0.05174     0.12039     0.00000     0.17213
     6.30641     0.04960     0.12204     0.00000     0.17164
     6.31641     0.04637     0.12576     0.00000     0.17212
     6.32641     0.04272     0.13160     0.00000     0.17432
     6.33641     0.03937     0.13893     0.00000     0.17830
     6.34641     0.03661     0.14634     0.00000     0.18295
     6.35641     0.03446     0.15193     0.00000     0.18639
     6.36641     0.03263     0.15381     0.00000     0.18644
     6.37641     0.03071     0.15067     0.00000     0.18138
     6.38641     0.02844     0.14241     0.00000     0.17085
     6.39641     0.02583     0.13024     0.00000     0.15607
     6.40641     0.02311     0.11655     0.00000     0.13965
     6.41641     0.02065     0.10409     0.00000     0.12473
     6.42641     0.01887     0.09525     0.00000     0.11412
     6.43641     0.01800     0.09123     0.00000     0.10923
     6.44641     0.01807     0.09180     0.00000     0.10987
     6.45641     0.01888     0.09554     0.00000     0.11442
     6.46641     0.02009     0.10053     0.00000     0.12062
     6.47641     0.02133     0.10513     0.00000     0.12646
     6.48641     0.02231     0.10843     0.00000     0.13074
     6.49641     0.02287     0.11045     0.00000     0.13332
     6.50641     0.02294     0.11160     0.00000     0.13454
     6.51641     0.02253     0.11228     0.00000     0.13481
     6.52641     0.02167     0.11248     0.00000     0.13415
     6.53641     0.02046     0.11172     0.00000     0.13218
     6.54641     0.01901     0.10940     0.00000     0.12841
     6.55641     0.01750     0.10526     0.00000     0.12276
     6.56641     0.01621     0.09975     0.00000     0.11596
     6.57641     0.01542     0.09422     0.00000     0.10964
     6.58641     0.01542     0.09048     0.00000     0.10590
     6.59641     0.01637     0.09033     0.00000     0.10670
     6.60641     0.01823     0.09472     0.00000     0.11295
     6.61641     0.02070     0.10350     0.00000     0.12420
     6.62641     0.02334     0.11524     0.00000     0.13858
     6.63641     0.02565     0.12784     0.00000     0.15349
     6.64641     0.02726     0.13918     0.00000     0.16644
     6.65641     0.02806     0.14785     0.00000     0.17591
     6.66641     0.02819     0.15353     0.00000     0.18172
     6.67641     0.02799     0.15684     0.00000     0.18483
     6.68641     0.02782     0.15892     0.00000     0.18674
     6.69641     0.02794     0.16086     0.00000     0.18880
     6.70641     0.02840     0.16319     0.00000     0.19159
     6.71641     0.02912     0.16573     0.00000     0.19485
     6.72641     0.02990     0.16782     0.00000     0.19772
     6.73641     0.03065     0.16856     0.00000     0.19921
     6.74641     0.03139     0.16727     0.00000     0.19866
     6.75641     0.03222     0.16367     0.00000     0.19589
     6.76641     0.03340     0.15804     0.00000     0.19144
     6.77641     0.03502     0.15109     0.00000     0.18611
     6.78641     0.03715     0.14379     0.00000     0.18094
     6.79641     0.03961     0.13708     0.00000     0.17669
     6.80641     0.04208     0.13168     0.00000     0.17376
     6.81641     0.04415     0.12792     0.00000     0.17207
     6.82641     0.04544     0.12567     0.00000     0.17111
     6.83641     0.04565     0.12447     0.00000     0.17012
     6.84641     0.04465     0.12369     0.00000     0.16834
     6.85641     0.04258     0.12268     0.00000     0.16526
     6.86641     0.03974     0.12105     0.00000     0.16079
     6.87641     0.03658     0.11890     0.00000     0.15548
     6.88641     0.03362     0.11688     0.00000     0.15050
     6.89641     0.03132     0.11619     0.00000     0.14751
     6.90641     0.03009     0.11849     0.00000     0.14858
     6.91741     0.03018     0.12529     0.00000     0.15547
     6.92741     0.03158     0.13747     0.00000     0.16905
     6.93741     0.03407     0.15464     0.00000     0.18871
     6.94741     0.03713     0.17473     0.00000     0.21186
     6.95741     0.04008     0.19419     0.00000     0.23427
     6.96741     0.04215     0.20880     0.00000     0.25095
     6.97741     0.04288     0.21496     0.00000     0.25784
     6.98741     0.04221     0.21117     0.00000     0.25338
     6.99741     0.04063     0.19874     0.00000     0.23937
     7.00741     0.03899     0.18145     0.00000     0.22044
     7.01741     0.03818     0.16426     0.00000     0.20244
     7.02741     0.03875     0.15159     0.00000     0.19034
     7.03741     0.04063     0.14586     0.00000     0.18649
     7.04741     0.04323     0.14717     0.00000     0.19040
     7.05741     0.04558     0.15377     0.00000     0.19935
     7.06741     0.04696     0.16330     0.00000     0.21025
     7.07741     0.04691     0.17385     0.00000     0.22077
     7.08741     0.04561     0.18475     0.00000     0.23036
     7.09741     0.04356     0.19627     0.00000     0.23983
     7.10741     0.04146     0.20924     0.00000     0.25071
     7.11741     0.03984     0.22405     0.00000     0.26389
     7.12741     0.03890     0.24016     0.00000     0.27906
     7.13741     0.03854     0.25597     0.00000     0.29451
     7.14741     0.03838     0.26944     0.00000     0.30782
     7.15741     0.03806     0.27857     0.00000     0.31663
     7.16741     0.03736     0.28256     0.00000     0.31992
     7.17741     0.03628     0.28175     0.00000     0.31803
     7.18741     0.03500     0.27718     0.00000     0.31218
     7.19741     0.03379     0.26998     0.00000     0.30378
     7.20741     0.03293     0.26096     0.00000     0.29389
     7.21741     0.03252     0.25016     0.00000     0.28268
     7.22741     0.03261     0.23738     0.00000     0.26999
     7.23741     0.03311     0.22265     0.00000     0.25576
     7.24741     0.03391     0.20659     0.00000     0.24050
     7.25741     0.03490     0.19053     0.00000     0.22543
     7.26741     0.03593     0.17604     0.00000     0.21197
     7.27741     0.03682     0.16454     0.00000     0.20136
     7.28741     0.03737     0.15676     0.00000     0.19413
     7.29741     0.03742     0.15261     0.00000     0.19003
     7.30741     0.03682     0.15119     0.00000     0.18801
     7.31741     0.03555     0.15113     0.00000     0.18668
     7.32741     0.03376     0.15102     0.00000     0.18478
     7.33741     0.03170     0.14981     0.00000     0.18151
     7.34741     0.02973     0.14730     0.00000     0.17703
     7.35741     0.02829     0.14417     0.00000     0.17246
     7.36741     0.02776     0.14186     0.00000     0.16962
     7.37741     0.02842     0.14201     0.00000     0.17043
     7.38741     0.03028     0.14574     0.00000     0.17602
     7.39741     0.03307     0.15314     0.00000     0.18621
     7.40741     0.03627     0.16309     0.00000     0.19936
     7.41741     0.03916     0.17352     0.00000     0.21268
     7.42741     0.04109     0.18211     0.00000     0.22320
     7.43741     0.04159     0.18702     0.00000     0.22861
     7.44741     0.04057     0.18739     0.00000     0.22796
     7.45741     0.03827     0.18356     0.00000     0.22183
     7.46741     0.03525     0.17692     0.00000     0.21217
     7.47741     0.03219     0.16943     0.00000     0.20162
     7.48741     0.02974     0.16314     0.00000     0.19288
     7.49741     0.02840     0.15973     0.00000     0.18813
     7.50741     0.02845     0.16032     0.00000     0.18877
     7.51741     0.02992     0.16535     0.00000     0.19527
     7.52741     0.03260     0.17449     0.00000     0.20709
     7.53741     0.03608     0.18672     0.00000     0.22280
     7.54741     0.03985     0.20036     0.00000     0.24021
     7.55741     0.04338     0.21330     0.00000     0.25668
     7.56741     0.04617     0.22333     0.00000     0.26950
     7.57741     0.04787     0.22867     0.00000     0.27654
     7.58741     0.04827     0.22827     0.00000     0.27654
     7.59741     0.04732     0.22205     0.00000     0.26937
     7.60741     0.04518     0.21075     0.00000     0.25593
     7.61741     0.04214     0.19573     0.00000     0.23787
     7.62741     0.03863     0.17873     0.00000     0.21736
     7.63741     0.03519     0.16167     0.00000     0.19686
     7.64741     0.03233     0.14658     0.00000     0.17891
     7.65741     0.03044     0.13532     0.00000     0.16576
     7.66741     0.02978     0.12924     0.00000     0.15902
     7.67741     0.03031     0.12888     0.00000     0.15919
     7.68741     0.03177     0.13367     0.00000     0.16544
     7.69741     0.03370     0.14203     0.00000     0.17573
     7.70741     0.03559     0.15183     0.00000     0.18742
     7.71741     0.03704     0.16092     0.00000     0.19796
     7.72741     0.03783     0.16757     0.00000     0.20540
     7.73741     0.03803     0.17087     0.00000     0.20890
     7.74741     0.03784     0.17070     0.00000     0.20854
     7.75741     0.03761     0.16751     0.00000     0.20512
     7.76741     0.03764     0.16213     0.00000     0.19977
     7.77741     0.03811     0.15556     0.00000     0.19367
     7.78741     0.03911     0.14884     0.00000     0.18795
     7.79741     0.04057     0.14278     0.00000     0.18335
     7.80741     0.04231     0.13794     0.00000     0.18025
     7.81741     0.04413     0.13450     0.00000     0.17863
     7.82741     0.04579     0.13230     0.00000     0.17809
     7.83741     0.04708     0.13083     0.00000     0.17791
     7.84741     0.04790     0.12956     0.00000     0.17746
     7.85741     0.04827     0.12809     0.00000     0.17636
     7.86741     0.04828     0.12643     0.00000     0.17471
     7.87741     0.04818     0.12493     0.00000     0.17311
     7.88741     0.04810     0.12412     0.00000     0.17222
     7.89741     0.04806     0.12432     0.00000     0.17238
     7.90741     0.04784     0.12547     0.00000     0.17331
     7.91841     0.04702     0.12694     0.00000     0.17396
     7.92841     0.04517     0.12780     0.00000     0.17297
     7.93841     0.04204     0.12725     0.00000     0.16929
     7.94841     0.03773     0.12493     0.00000     0.16266
     7.95841     0.03270     0.12115     0.00000     0.15385
     7.96841     0.02762     0.11678     0.00000     0.14440
     7.97841     0.02321     0.11306     0.00000     0.13627
     7.98841     0.02003     0.11107     0.00000     0.13110
     7.99841     0.01831     0.11147     0.00000     0.12978
     8.00841     0.01798     0.11421     0.00000     0.13219
     8.01841     0.01868     0.11856     0.00000     0.13724
     8.02841     0.01994     0.12347     0.00000     0.14341
     8.03841     0.02130     0.12787     0.00000     0.14917
     8.04841     0.02242     0.13108     0.00000     0.15350
     8.05841     0.02312     0.13296     0.00000     0.15608
     8.06841     0.02336     0.13370     0.00000     0.15706
     8.07841     0.02320     0.13367     0.00000     0.15687
     8.08841     0.02273     0.13308     0.00000     0.15581
     8.09841     0.02209     0.13212     0.00000     0.15421
     8.10841     0.02142     0.13096     0.00000     0.15238
     8.11841     0.02086     0.12995     0.00000     0.15081
     8.12841     0.02056     0.12967     0.00000     0.15023
     8.13841     0.02068     0.13077     0.00000     0.15145
     8.14841     0.02132     0.13360     0.00000     0.15492
     8.15841     0.02249     0.13808     0.00000     0.16057
     8.16841     0.02415     0.14367     0.00000     0.16782
     8.17841     0.02617     0.14959     0.00000     0.17576
     8.18841     0.02840     0.15515     0.00000     0.18355
     8.19841     0.03066     0.15991     0.00000     0.19057
     8.20841     0.03275     0.16368     0.00000     0.19643
     8.21841     0.03444     0.16631     0.00000     0.20075
     8.22841     0.03552     0.16756     0.00000     0.20308
     8.23841     0.03587     0.16714     0.00000     0.20301
     8.24841     0.03545     0.16479     0.00000     0.20024
     8.25841     0.03435     0.16045     0.00000     0.19480
     8.26841     0.03271     0.15428     0.00000     0.18699
     8.27841     0.03071     0.14654     0.00000     0.17725
     8.28841     0.02844     0.13760     0.00000     0.16604
     8.29841     0.02600     0.12779     0.00000     0.15380
     8.30841     0.02346     0.11774     0.00000     0.14120
     8.31841     0.02093     0.10833     0.00000     0.12926
     8.32841     0.01860     0.10069     0.00000     0.11929
     8.33841     0.01671     0.09594     0.00000     0.11265
     8.34841     0.01546     0.09470     0.00000     0.11016
     8.35841     0.01496     0.09697     0.00000     0.11193
     8.36841     0.01522     0.10190     0.00000     0.11712
     8.37841     0.01614     0.10816     0.00000     0.12430
     8.38841     0.01754     0.11429     0.00000     0.13183
     8.39841     0.01919     0.11920     0.00000     0.13839
     8.40841     0.02094     0.12255     0.00000     0.14349
