     #Energy           s           p           d       tot  
    -1.59159  3985.26000  7972.46000     0.00000 11957.72000
    -1.58159     0.00176     0.53335     0.00000     0.53511
    -1.57159     0.00199     0.55009     0.00000     0.55208
    -1.56159     0.00249     0.64687     0.00000     0.64936
    -1.55159     0.00319     0.80071     0.00000     0.80390
    -1.54159     0.00393     0.97434     0.00000     0.97827
    -1.53159     0.00455     1.12352     0.00000     1.12808
    -1.52159     0.00491     1.20929     0.00000     1.21420
    -1.51159     0.00491     1.20870     0.00000     1.21361
    -1.50159     0.00455     1.12275     0.00000     1.12730
    -1.49159     0.00394     0.97591     0.00000     0.97985
    -1.48159     0.00322     0.80913     0.00000     0.81235
    -1.47159     0.00258     0.66874     0.00000     0.67132
    -1.46159     0.00217     0.59476     0.00000     0.59693
    -1.45159     0.00207     0.61368     0.00000     0.61575
    -1.44159     0.00231     0.73420     0.00000     0.73651
    -1.43159     0.00284     0.94668     0.00000     0.94951
    -1.42159     0.00355     1.22485     0.00000     1.22840
    -1.41159     0.00432     1.53009     0.00000     1.53442
    -1.40159     0.00500     1.81814     0.00000     1.82314
    -1.39159     0.00547     2.04638     0.00000     2.05185
    -1.38159     0.00564     2.18119     0.00000     2.18684
    -1.37159     0.00551     2.20303     0.00000     2.20854
    -1.36159     0.00509     2.10809     0.00000     2.11318
    -1.35159     0.00446     1.90933     0.00000     1.91380
    -1.34159     0.00370     1.63349     0.00000     1.63720
    -1.33159     0.00291     1.31729     0.00000     1.32019
    -1.32159     0.00216     1.00023     0.00000     1.00239
    -1.31159     0.00153     0.71774     0.00000     0.71927
    -1.30159     0.00107     0.49602     0.00000     0.49709
    -1.29159     0.00080     0.35040     0.00000     0.35120
    -1.28159     0.00074     0.28710     0.00000     0.28784
    -1.27159     0.00090     0.30632     0.00000     0.30723
    -1.26159     0.00129     0.40405     0.00000     0.40534
    -1.25159     0.00189     0.57116     0.00000     0.57304
    -1.24159     0.00267     0.79151     0.00000     0.79418
    -1.23159     0.00359     1.04150     0.00000     1.04509
    -1.22159     0.00457     1.29398     0.00000     1.29855
    -1.21159     0.00558     1.52587     0.00000     1.53145
    -1.20159     0.00659     1.72641     0.00000     1.73300
    -1.19159     0.00763     1.90109     0.00000     1.90872
    -1.18159     0.00874     2.06790     0.00000     2.07664
    -1.17159     0.00993     2.24738     0.00000     2.25731
    -1.16159     0.01117     2.45313     0.00000     2.46430
    -1.15159     0.01240     2.68481     0.00000     2.69721
    -1.14159     0.01351     2.92919     0.00000     2.94269
    -1.13159     0.01440     3.16265     0.00000     3.17705
    -1.12159     0.01498     3.35705     0.00000     3.37203
    -1.11159     0.01518     3.48027     0.00000     3.49545
    -1.10159     0.01494     3.50084     0.00000     3.51578
    -1.09059     0.01420     3.39489     0.00000     3.40909
    -1.08059     0.01297     3.15602     0.00000     3.16898
    -1.07059     0.01134     2.80490     0.00000     2.81624
    -1.06059     0.00951     2.39050     0.00000     2.40001
    -1.05059     0.00773     1.97987     0.00000     1.98760
    -1.04059     0.00624     1.63942     0.00000     1.64566
    -1.03059     0.00521     1.41349     0.00000     1.41870
    -1.02059     0.00466     1.31149     0.00000     1.31615
    -1.01059     0.00451     1.30620     0.00000     1.31070
    -1.00059     0.00455     1.34528     0.00000     1.34983
    -0.99059     0.00459     1.37038     0.00000     1.37496
    -0.98059     0.00445     1.33676     0.00000     1.34121
    -0.97059     0.00407     1.22578     0.00000     1.22985
    -0.96059     0.00347     1.04672     0.00000     1.05019
    -0.95059     0.00275     0.82864     0.00000     0.83138
    -0.94059     0.00201     0.60687     0.00000     0.60889
    -0.93059     0.00136     0.41077     0.00000     0.41213
    -0.92059     0.00085     0.25690     0.00000     0.25775
    -0.91059     0.00049     0.14854     0.00000     0.14903
    -0.90059     0.00027     0.07978     0.00000     0.08005
    -0.89059     0.00014     0.04089     0.00000     0.04103
    -0.88059     0.00008     0.02283     0.00000     0.02291
    -0.87059     0.00008     0.01996     0.00000     0.02004
    -0.86059     0.00014     0.03118     0.00000     0.03132
    -0.85059     0.00027     0.06012     0.00000     0.06039
    -0.84059     0.00051     0.11427     0.00000     0.11479
    -0.83059     0.00091     0.20298     0.00000     0.20390
    -0.82059     0.00150     0.33364     0.00000     0.33514
    -0.81059     0.00228     0.50661     0.00000     0.50889
    -0.80059     0.00320     0.71041     0.00000     0.71360
    -0.79059     0.00414     0.91994     0.00000     0.92407
    -0.78059     0.00495     1.10008     0.00000     1.10503
    -0.77059     0.00546     1.21480     0.00000     1.22027
    -0.76059     0.00557     1.23886     0.00000     1.24443
    -0.75059     0.00525     1.16668     0.00000     1.17193
    -0.74059     0.00456     1.01460     0.00000     1.01917
    -0.73059     0.00366     0.81483     0.00000     0.81850
    -0.72059     0.00272     0.60431     0.00000     0.60702
    -0.71059     0.00186     0.41386     0.00000     0.41573
    -0.70059     0.00118     0.26174     0.00000     0.26292
    -0.69059     0.00069     0.15286     0.00000     0.15355
    -0.68059     0.00037     0.08244     0.00000     0.08281
    -0.67059     0.00018     0.04106     0.00000     0.04124
    -0.66059     0.00008     0.01888     0.00000     0.01897
    -0.65059     0.00004     0.00802     0.00000     0.00806
    -0.64059     0.00001     0.00315     0.00000     0.00316
    -0.63059     0.00001     0.00114     0.00000     0.00114
    -0.62059     0.00000     0.00038     0.00000     0.00038
    -0.61059     0.00000     0.00012     0.00000     0.00012
    -0.60059     0.00000     0.00004     0.00000     0.00004
    -0.59059     0.00000     0.00002     0.00000     0.00002
    -0.58059     0.00000     0.00003     0.00000     0.00003
    -0.57059     0.00000     0.00009     0.00000     0.00009
    -0.56059     0.00000     0.00031     0.00000     0.00031
    -0.55059     0.00001     0.00093     0.00000     0.00094
    -0.54059     0.00002     0.00262     0.00000     0.00263
    -0.53059     0.00004     0.00677     0.00000     0.00682
    -0.52059     0.00011     0.01619     0.00000     0.01630
    -0.51059     0.00024     0.03574     0.00000     0.03598
    -0.50059     0.00048     0.07286     0.00000     0.07334
    -0.49059     0.00091     0.13715     0.00000     0.13806
    -0.48059     0.00158     0.23841     0.00000     0.23999
    -0.47059     0.00254     0.38274     0.00000     0.38528
    -0.46059     0.00376     0.56741     0.00000     0.57117
    -0.45059     0.00515     0.77672     0.00000     0.78187
    -0.44059     0.00651     0.98201     0.00000     0.98852
    -0.43059     0.00760     1.14670     0.00000     1.15430
    -0.42059     0.00820     1.23681     0.00000     1.24500
    -0.41059     0.00817     1.23330     0.00000     1.24147
    -0.40059     0.00754     1.13906     0.00000     1.14660
    -0.39059     0.00646     0.98009     0.00000     0.98655
    -0.38059     0.00521     0.79865     0.00000     0.80386
    -0.37059     0.00408     0.64272     0.00000     0.64680
    -0.36059     0.00333     0.55693     0.00000     0.56026
    -0.35059     0.00314     0.57587     0.00000     0.57901
    -0.34059     0.00362     0.71978     0.00000     0.72340
    -0.33059     0.00475     0.99009     0.00000     0.99484
    -0.32059     0.00641     1.36510     0.00000     1.37151
    -0.31059     0.00834     1.79851     0.00000     1.80685
    -0.30059     0.01023     2.22460     0.00000     2.23483
    -0.29059     0.01175     2.57356     0.00000     2.58531
    -0.28059     0.01264     2.79146     0.00000     2.80409
    -0.27059     0.01281     2.85751     0.00000     2.87031
    -0.26059     0.01234     2.78755     0.00000     2.79989
    -0.25059     0.01144     2.62313     0.00000     2.63457
    -0.24059     0.01033     2.41022     0.00000     2.42056
    -0.23059     0.00919     2.18008     0.00000     2.18927
    -0.22059     0.00807     1.94373     0.00000     1.95180
    -0.21059     0.00695     1.69651     0.00000     1.70346
    -0.20059     0.00582     1.43317     0.00000     1.43899
    -0.19059     0.00467     1.15708     0.00000     1.16174
    -0.18059     0.00355     0.88307     0.00000     0.88662
    -0.17059     0.00253     0.63195     0.00000     0.63448
    -0.16059     0.00169     0.42167     0.00000     0.42336
    -0.15059     0.00105     0.26138     0.00000     0.26242
    -0.14059     0.00060     0.15017     0.00000     0.15077
    -0.13059     0.00032     0.07985     0.00000     0.08017
    -0.12059     0.00016     0.03926     0.00000     0.03942
    -0.11059     0.00007     0.01784     0.00000     0.01791
    -0.10059     0.00003     0.00749     0.00000     0.00752
    -0.08959     0.00001     0.00290     0.00000     0.00292
    -0.07959     0.00000     0.00104     0.00000     0.00104
    -0.06959     0.00000     0.00034     0.00000     0.00035
    -0.05959     0.00000     0.00011     0.00000     0.00011
    -0.04959     0.00000     0.00003     0.00000     0.00003
    -0.03959     0.00000     0.00001     0.00000     0.00001
    -0.02959     0.00000     0.00000     0.00000     0.00000
    -0.01959     0.00000     0.00000     0.00000     0.00000
    -0.00959     0.00000     0.00000     0.00000     0.00000
     0.00041     0.00000     0.00000     0.00000     0.00000
     0.01041     0.00000     0.00000     0.00000     0.00000
     0.02041     0.00000     0.00000     0.00000     0.00000
     0.03041     0.00000     0.00000     0.00000     0.00000
     0.04041     0.00000     0.00000     0.00000     0.00000
     0.05041     0.00000     0.00000     0.00000     0.00000
     0.06041     0.00000     0.00000     0.00000     0.00000
     0.07041     0.00000     0.00000     0.00000     0.00000
     0.08041     0.00000     0.00000     0.00000     0.00000
     0.09041     0.00000     0.00000     0.00000     0.00000
     0.10041     0.00000     0.00000     0.00000     0.00000
     0.11041     0.00000     0.00000     0.00000     0.00000
     0.12041     0.00000     0.00000     0.00000     0.00000
     0.13041     0.00000     0.00000     0.00000     0.00000
     0.14041     0.00000     0.00000     0.00000     0.00000
     0.15041     0.00000     0.00000     0.00000     0.00000
     0.16041     0.00000     0.00000     0.00000     0.00000
     0.17041     0.00000     0.00000     0.00000     0.00000
     0.18041     0.00000     0.00000     0.00000     0.00000
     0.19041     0.00000     0.00000     0.00000     0.00000
     0.20041     0.00000     0.00000     0.00000     0.00000
     0.21041     0.00000     0.00000     0.00000     0.00000
     0.22041     0.00000     0.00000     0.00000     0.00000
     0.23041     0.00000     0.00000     0.00000     0.00000
     0.24041     0.00000     0.00000     0.00000     0.00000
     0.25041     0.00000     0.00001     0.00000     0.00001
     0.26041     0.00000     0.00003     0.00000     0.00003
     0.27041     0.00000     0.00009     0.00000     0.00009
     0.28041     0.00000     0.00030     0.00000     0.00030
     0.29041     0.00000     0.00090     0.00000     0.00091
     0.30041     0.00001     0.00253     0.00000     0.00254
     0.31041     0.00003     0.00653     0.00000     0.00656
     0.32041     0.00007     0.01558     0.00000     0.01565
     0.33041     0.00015     0.03432     0.00000     0.03446
     0.34041     0.00030     0.06980     0.00000     0.07011
     0.35041     0.00057     0.13112     0.00000     0.13169
     0.36041     0.00098     0.22745     0.00000     0.22844
     0.37041     0.00158     0.36438     0.00000     0.36595
     0.38041     0.00233     0.53899     0.00000     0.54132
     0.39041     0.00318     0.73629     0.00000     0.73947
     0.40041     0.00402     0.92881     0.00000     0.93282
     0.41041     0.00468     1.08200     0.00000     1.08667
     0.42041     0.00503     1.16396     0.00000     1.16899
     0.43041     0.00500     1.15634     0.00000     1.16134
     0.44041     0.00459     1.06082     0.00000     1.06541
     0.45041     0.00389     0.89873     0.00000     0.90261
     0.46041     0.00304     0.70309     0.00000     0.70612
     0.47041     0.00220     0.50794     0.00000     0.51013
     0.48041     0.00147     0.33889     0.00000     0.34035
     0.49041     0.00090     0.20878     0.00000     0.20969
     0.50041     0.00051     0.11878     0.00000     0.11930
     0.51041     0.00027     0.06240     0.00000     0.06267
     0.52041     0.00013     0.03028     0.00000     0.03041
     0.53041     0.00006     0.01356     0.00000     0.01362
     0.54041     0.00002     0.00561     0.00000     0.00564
     0.55041     0.00001     0.00214     0.00000     0.00215
     0.56041     0.00000     0.00076     0.00000     0.00076
     0.57041     0.00000     0.00025     0.00000     0.00025
     0.58041     0.00000     0.00008     0.00000     0.00008
     0.59041     0.00000     0.00005     0.00000     0.00005
     0.60041     0.00000     0.00011     0.00000     0.00011
     0.61041     0.00000     0.00035     0.00000     0.00035
     0.62041     0.00000     0.00103     0.00000     0.00103
     0.63041     0.00001     0.00284     0.00000     0.00285
     0.64041     0.00003     0.00724     0.00000     0.00727
     0.65041     0.00008     0.01704     0.00000     0.01712
     0.66041     0.00017     0.03702     0.00000     0.03720
     0.67041     0.00034     0.07432     0.00000     0.07467
     0.68041     0.00064     0.13783     0.00000     0.13847
     0.69041     0.00110     0.23620     0.00000     0.23730
     0.70041     0.00174     0.37428     0.00000     0.37602
     0.71041     0.00256     0.54886     0.00000     0.55142
     0.72041     0.00350     0.74622     0.00000     0.74972
     0.73041     0.00447     0.94336     0.00000     0.94782
     0.74041     0.00537     1.11459     0.00000     1.11995
     0.75041     0.00614     1.24101     0.00000     1.24715
     0.76041     0.00680     1.31946     0.00000     1.32627
     0.77041     0.00745     1.36453     0.00000     1.37198
     0.78041     0.00821     1.40284     0.00000     1.41105
     0.79041     0.00919     1.46053     0.00000     1.46972
     0.80041     0.01038     1.55143     0.00000     1.56181
     0.81041     0.01167     1.67046     0.00000     1.68213
     0.82041     0.01287     1.79495     0.00000     1.80782
     0.83041     0.01374     1.89319     0.00000     1.90693
     0.84041     0.01408     1.93484     0.00000     1.94892
     0.85041     0.01379     1.89865     0.00000     1.91244
     0.86041     0.01288     1.77896     0.00000     1.79184
     0.87041     0.01146     1.58673     0.00000     1.59819
     0.88041     0.00978     1.34755     0.00000     1.35733
     0.89041     0.00815     1.09933     0.00000     1.10749
     0.90041     0.00698     0.88534     0.00000     0.89232
     0.91141     0.00666     0.74800     0.00000     0.75466
     0.92141     0.00755     0.72156     0.00000     0.72911
     0.93141     0.00989     0.82499     0.00000     0.83488
     0.94141     0.01365     1.05520     0.00000     1.06886
     0.95141     0.01851     1.38216     0.00000     1.40067
     0.96141     0.02374     1.74907     0.00000     1.77281
     0.97141     0.02840     2.08142     0.00000     2.10982
     0.98141     0.03149     2.30466     0.00000     2.33615
     0.99141     0.03235     2.36658     0.00000     2.39893
     1.00141     0.03080     2.25592     0.00000     2.28672
     1.01141     0.02730     2.00626     0.00000     2.03356
     1.02141     0.02278     1.68617     0.00000     1.70895
     1.03141     0.01833     1.37763     0.00000     1.39596
     1.04141     0.01493     1.15191     0.00000     1.16684
     1.05141     0.01318     1.05263     0.00000     1.06582
     1.06141     0.01329     1.08863     0.00000     1.10192
     1.07141     0.01506     1.23727     0.00000     1.25232
     1.08141     0.01802     1.45463     0.00000     1.47265
     1.09141     0.02161     1.68800     0.00000     1.70960
     1.10141     0.02518     1.88822     0.00000     1.91340
     1.11141     0.02817     2.01747     0.00000     2.04563
     1.12141     0.03005     2.05312     0.00000     2.08317
     1.13141     0.03047     1.98880     0.00000     2.01927
     1.14141     0.02926     1.83114     0.00000     1.86040
     1.15141     0.02651     1.59912     0.00000     1.62563
     1.16141     0.02257     1.32052     0.00000     1.34309
     1.17141     0.01800     1.02719     0.00000     1.04519
     1.18141     0.01339     0.74989     0.00000     0.76329
     1.19141     0.00928     0.51204     0.00000     0.52132
     1.20141     0.00597     0.32600     0.00000     0.33197
     1.21141     0.00357     0.19308     0.00000     0.19665
     1.22141     0.00197     0.10617     0.00000     0.10815
     1.23141     0.00101     0.05413     0.00000     0.05514
     1.24141     0.00048     0.02556     0.00000     0.02604
     1.25141     0.00021     0.01117     0.00000     0.01138
     1.26141     0.00008     0.00452     0.00000     0.00461
     1.27141     0.00003     0.00173     0.00000     0.00176
     1.28141     0.00001     0.00074     0.00000     0.00075
     1.29141     0.00001     0.00070     0.00000     0.00070
     1.30141     0.00001     0.00154     0.00000     0.00155
     1.31141     0.00001     0.00403     0.00000     0.00404
     1.32141     0.00003     0.00999     0.00000     0.01003
     1.33141     0.00008     0.02295     0.00000     0.02303
     1.34141     0.00016     0.04871     0.00000     0.04887
     1.35141     0.00032     0.09545     0.00000     0.09577
     1.36141     0.00058     0.17273     0.00000     0.17331
     1.37141     0.00098     0.28865     0.00000     0.28962
     1.38141     0.00151     0.44548     0.00000     0.44699
     1.39141     0.00215     0.63488     0.00000     0.63702
     1.40141     0.00283     0.83575     0.00000     0.83857
     1.41141     0.00344     1.01641     0.00000     1.01985
     1.42141     0.00387     1.14264     0.00000     1.14651
     1.43141     0.00404     1.18927     0.00000     1.19331
     1.44141     0.00392     1.15024     0.00000     1.15416
     1.45141     0.00360     1.04265     0.00000     1.04625
     1.46141     0.00321     0.90327     0.00000     0.90648
     1.47141     0.00292     0.77760     0.00000     0.78051
     1.48141     0.00288     0.70670     0.00000     0.70958
     1.49141     0.00320     0.71537     0.00000     0.71856
     1.50141     0.00386     0.80520     0.00000     0.80906
     1.51141     0.00475     0.95363     0.00000     0.95838
     1.52141     0.00568     1.11935     0.00000     1.12503
     1.53141     0.00642     1.25396     0.00000     1.26038
     1.54141     0.00676     1.31572     0.00000     1.32247
     1.55141     0.00659     1.28249     0.00000     1.28908
     1.56141     0.00595     1.15725     0.00000     1.16320
     1.57141     0.00497     0.96534     0.00000     0.97031
     1.58141     0.00383     0.74419     0.00000     0.74802
     1.59141     0.00274     0.53065     0.00000     0.53338
     1.60141     0.00182     0.35145     0.00000     0.35327
     1.61141     0.00116     0.22013     0.00000     0.22129
     1.62141     0.00078     0.13925     0.00000     0.14003
     1.63141     0.00069     0.10629     0.00000     0.10698
     1.64141     0.00090     0.11893     0.00000     0.11984
     1.65141     0.00145     0.17778     0.00000     0.17923
     1.66141     0.00238     0.28528     0.00000     0.28766
     1.67141     0.00370     0.44132     0.00000     0.44503
     1.68141     0.00537     0.63774     0.00000     0.64311
     1.69141     0.00721     0.85448     0.00000     0.86169
     1.70141     0.00899     1.06088     0.00000     1.06988
     1.71141     0.01047     1.22325     0.00000     1.23372
     1.72141     0.01147     1.31652     0.00000     1.32799
     1.73141     0.01201     1.33511     0.00000     1.34713
     1.74141     0.01232     1.29740     0.00000     1.30973
     1.75141     0.01276     1.23986     0.00000     1.25262
     1.76141     0.01369     1.20436     0.00000     1.21805
     1.77141     0.01534     1.22362     0.00000     1.23896
     1.78141     0.01768     1.31267     0.00000     1.33035
     1.79141     0.02055     1.47013     0.00000     1.49068
     1.80141     0.02367     1.68683     0.00000     1.71051
     1.81141     0.02689     1.95462     0.00000     1.98151
     1.82141     0.03015     2.26924     0.00000     2.29939
     1.83141     0.03345     2.62338     0.00000     2.65683
     1.84141     0.03668     2.99321     0.00000     3.02989
     1.85141     0.03945     3.33113     0.00000     3.37059
     1.86141     0.04118     3.57042     0.00000     3.61160
     1.87141     0.04121     3.64371     0.00000     3.68492
     1.88141     0.03914     3.50948     0.00000     3.54862
     1.89141     0.03498     3.16945     0.00000     3.20443
     1.90141     0.02928     2.67283     0.00000     2.70210
     1.91241     0.02286     2.09930     0.00000     2.12215
     1.92241     0.01663     1.53454     0.00000     1.55117
     1.93241     0.01131     1.04688     0.00000     1.05820
     1.94241     0.00731     0.67562     0.00000     0.68293
     1.95241     0.00473     0.43198     0.00000     0.43672
     1.96241     0.00350     0.30849     0.00000     0.31199
     1.97241     0.00346     0.28963     0.00000     0.29309
     1.98241     0.00444     0.35836     0.00000     0.36281
     1.99241     0.00624     0.49672     0.00000     0.50296
     2.00241     0.00860     0.68253     0.00000     0.69113
     2.01241     0.01115     0.88715     0.00000     0.89830
     2.02241     0.01345     1.07739     0.00000     1.09083
     2.03241     0.01507     1.22356     0.00000     1.23863
     2.04241     0.01576     1.31046     0.00000     1.32622
     2.05241     0.01552     1.34543     0.00000     1.36095
     2.06241     0.01466     1.35772     0.00000     1.37239
     2.07241     0.01370     1.38822     0.00000     1.40191
     2.08241     0.01313     1.47133     0.00000     1.48447
     2.09241     0.01331     1.61831     0.00000     1.63162
     2.10241     0.01423     1.80880     0.00000     1.82304
     2.11241     0.01559     1.99626     0.00000     2.01185
     2.12241     0.01685     2.12569     0.00000     2.14254
     2.13241     0.01748     2.15574     0.00000     2.17322
     2.14241     0.01713     2.07675     0.00000     2.09388
     2.15241     0.01575     1.91677     0.00000     1.93253
     2.16241     0.01361     1.73134     0.00000     1.74495
     2.17241     0.01113     1.58414     0.00000     1.59527
     2.18241     0.00877     1.52494     0.00000     1.53371
     2.19241     0.00686     1.57338     0.00000     1.58024
     2.20241     0.00551     1.71422     0.00000     1.71973
     2.21241     0.00470     1.90484     0.00000     1.90953
     2.22241     0.00426     2.08939     0.00000     2.09365
     2.23241     0.00404     2.21671     0.00000     2.22075
     2.24241     0.00392     2.25535     0.00000     2.25927
     2.25241     0.00385     2.19919     0.00000     2.20305
     2.26241     0.00386     2.06763     0.00000     2.07148
     2.27241     0.00396     1.89556     0.00000     1.89952
     2.28241     0.00420     1.72108     0.00000     1.72528
     2.29241     0.00457     1.57521     0.00000     1.57978
     2.30241     0.00503     1.47487     0.00000     1.47991
     2.31241     0.00555     1.42331     0.00000     1.42886
     2.32241     0.00607     1.41476     0.00000     1.42084
     2.33241     0.00655     1.43928     0.00000     1.44583
     2.34241     0.00694     1.48683     0.00000     1.49376
     2.35241     0.00719     1.54883     0.00000     1.55601
     2.36241     0.00725     1.61966     0.00000     1.62691
     2.37241     0.00712     1.69751     0.00000     1.70463
     2.38241     0.00682     1.78459     0.00000     1.79140
     2.39241     0.00640     1.88585     0.00000     1.89225
     2.40241     0.00596     2.00696     0.00000     2.01292
     2.41241     0.00558     2.15151     0.00000     2.15709
     2.42241     0.00531     2.31888     0.00000     2.32419
     2.43241     0.00519     2.50338     0.00000     2.50857
     2.44241     0.00521     2.69398     0.00000     2.69919
     2.45241     0.00534     2.87671     0.00000     2.88205
     2.46241     0.00557     3.04136     0.00000     3.04692
     2.47241     0.00588     3.18839     0.00000     3.19426
     2.48241     0.00629     3.33564     0.00000     3.34193
     2.49241     0.00685     3.51210     0.00000     3.51894
     2.50241     0.00756     3.74594     0.00000     3.75350
     2.51241     0.00839     4.04033     0.00000     4.04872
     2.52241     0.00923     4.36114     0.00000     4.37037
     2.53241     0.00991     4.63848     0.00000     4.64839
     2.54241     0.01028     4.79113     0.00000     4.80141
     2.55241     0.01024     4.76139     0.00000     4.77163
     2.56241     0.00982     4.54278     0.00000     4.55260
     2.57241     0.00915     4.18572     0.00000     4.19487
     2.58241     0.00843     3.77746     0.00000     3.78588
     2.59241     0.00781     3.40737     0.00000     3.41518
     2.60241     0.00740     3.13598     0.00000     3.14338
     2.61241     0.00718     2.97872     0.00000     2.98590
     2.62241     0.00708     2.91287     0.00000     2.91994
     2.63241     0.00700     2.89419     0.00000     2.90119
     2.64241     0.00687     2.87929     0.00000     2.88615
     2.65241     0.00666     2.84087     0.00000     2.84753
     2.66241     0.00640     2.77385     0.00000     2.78026
     2.67241     0.00614     2.69152     0.00000     2.69766
     2.68241     0.00594     2.61562     0.00000     2.62155
     2.69241     0.00582     2.56502     0.00000     2.57084
     2.70241     0.00582     2.54801     0.00000     2.55383
     2.71241     0.00591     2.56074     0.00000     2.56664
     2.72241     0.00609     2.59014     0.00000     2.59622
     2.73241     0.00633     2.62105     0.00000     2.62737
     2.74241     0.00661     2.63880     0.00000     2.64541
     2.75241     0.00692     2.63452     0.00000     2.64144
     2.76241     0.00722     2.60528     0.00000     2.61249
     2.77241     0.00748     2.55538     0.00000     2.56285
     2.78241     0.00768     2.49925     0.00000     2.50692
     2.79241     0.00784     2.46072     0.00000     2.46856
     2.80241     0.00802     2.47209     0.00000     2.48012
     2.81241     0.00833     2.56533     0.00000     2.57365
     2.82241     0.00884     2.76030     0.00000     2.76913
     2.83241     0.00959     3.05142     0.00000     3.06101
     2.84241     0.01053     3.40214     0.00000     3.41267
     2.85241     0.01149     3.75075     0.00000     3.76225
     2.86241     0.01230     4.02726     0.00000     4.03956
     2.87241     0.01276     4.17387     0.00000     4.18664
     2.88241     0.01279     4.16105     0.00000     4.17384
     2.89241     0.01237     3.99378     0.00000     4.00614
     2.90241     0.01160     3.70668     0.00000     3.71828
     2.91341     0.01064     3.35421     0.00000     3.36485
     2.92341     0.00969     2.99650     0.00000     3.00619
     2.93341     0.00892     2.68799     0.00000     2.69691
     2.94341     0.00843     2.46581     0.00000     2.47424
     2.95341     0.00824     2.34286     0.00000     2.35110
     2.96341     0.00831     2.30653     0.00000     2.31483
     2.97341     0.00849     2.32505     0.00000     2.33354
     2.98341     0.00865     2.35882     0.00000     2.36747
     2.99341     0.00869     2.37595     0.00000     2.38464
     3.00341     0.00855     2.36336     0.00000     2.37191
     3.01341     0.00830     2.33195     0.00000     2.34025
     3.02341     0.00805     2.31416     0.00000     2.32221
     3.03341     0.00794     2.35259     0.00000     2.36053
     3.04341     0.00810     2.48517     0.00000     2.49326
     3.05341     0.00856     2.73096     0.00000     2.73952
     3.06341     0.00931     3.08138     0.00000     3.09069
     3.07341     0.01022     3.49940     0.00000     3.50963
     3.08341     0.01112     3.92651     0.00000     3.93763
     3.09341     0.01184     4.29537     0.00000     4.30721
     3.10341     0.01223     4.54611     0.00000     4.55834
     3.11341     0.01221     4.63767     0.00000     4.64988
     3.12341     0.01178     4.55749     0.00000     4.56927
     3.13341     0.01101     4.32133     0.00000     4.33233
     3.14341     0.01001     3.96777     0.00000     3.97778
     3.15341     0.00892     3.55149     0.00000     3.56041
     3.16341     0.00787     3.12729     0.00000     3.13516
     3.17341     0.00696     2.73972     0.00000     2.74668
     3.18341     0.00623     2.41300     0.00000     2.41923
     3.19341     0.00565     2.14842     0.00000     2.15406
     3.20341     0.00516     1.92964     0.00000     1.93480
     3.21341     0.00471     1.73590     0.00000     1.74061
     3.22341     0.00426     1.55552     0.00000     1.55978
     3.23341     0.00382     1.39397     0.00000     1.39779
     3.24341     0.00347     1.27165     0.00000     1.27512
     3.25341     0.00328     1.21369     0.00000     1.21697
     3.26341     0.00331     1.23678     0.00000     1.24009
     3.27341     0.00358     1.34166     0.00000     1.34525
     3.28341     0.00407     1.51499     0.00000     1.51906
     3.29341     0.00477     1.73877     0.00000     1.74354
     3.30341     0.00568     2.00221     0.00000     2.00790
     3.31341     0.00686     2.30670     0.00000     2.31356
     3.32341     0.00835     2.66116     0.00000     2.66951
     3.33341     0.01018     3.06859     0.00000     3.07877
     3.34341     0.01223     3.51243     0.00000     3.52467
     3.35341     0.01431     3.94774     0.00000     3.96205
     3.36341     0.01609     4.30798     0.00000     4.32407
     3.37341     0.01725     4.52099     0.00000     4.53825
     3.38341     0.01755     4.53284     0.00000     4.55038
     3.39341     0.01692     4.32828     0.00000     4.34520
     3.40341     0.01551     3.94015     0.00000     3.95566
     3.41341     0.01366     3.44384     0.00000     3.45751
     3.42341     0.01177     2.93617     0.00000     2.94794
     3.43341     0.01019     2.50806     0.00000     2.51825
     3.44341     0.00914     2.21954     0.00000     2.22868
     3.45341     0.00865     2.08672     0.00000     2.09536
     3.46341     0.00855     2.08356     0.00000     2.09211
     3.47341     0.00861     2.15566     0.00000     2.16427
     3.48341     0.00860     2.23968     0.00000     2.24828
     3.49341     0.00834     2.28096     0.00000     2.28930
     3.50341     0.00778     2.24613     0.00000     2.25391
     3.51341     0.00697     2.12968     0.00000     2.13665
     3.52341     0.00605     1.95507     0.00000     1.96112
     3.53341     0.00518     1.77145     0.00000     1.77664
     3.54341     0.00457     1.64494     0.00000     1.64952
     3.55341     0.00439     1.64435     0.00000     1.64873
     3.56341     0.00475     1.82381     0.00000     1.82856
     3.57341     0.00570     2.20627     0.00000     2.21196
     3.58341     0.00717     2.77249     0.00000     2.77966
     3.59341     0.00901     3.46088     0.00000     3.46989
     3.60341     0.01098     4.17911     0.00000     4.19009
     3.61341     0.01283     4.82448     0.00000     4.83731
     3.62341     0.01434     5.30787     0.00000     5.32221
     3.63341     0.01539     5.57528     0.00000     5.59067
     3.64341     0.01594     5.61883     0.00000     5.63477
     3.65341     0.01611     5.47627     0.00000     5.49238
     3.66341     0.01605     5.21830     0.00000     5.23436
     3.67341     0.01597     4.92784     0.00000     4.94381
     3.68341     0.01599     4.67682     0.00000     4.69281
     3.69341     0.01617     4.50941     0.00000     4.52558
     3.70341     0.01649     4.43625     0.00000     4.45273
     3.71341     0.01684     4.44184     0.00000     4.45868
     3.72341     0.01713     4.49810     0.00000     4.51523
     3.73341     0.01726     4.57768     0.00000     4.59494
     3.74341     0.01716     4.65993     0.00000     4.67710
     3.75341     0.01683     4.73045     0.00000     4.74728
     3.76341     0.01626     4.77599     0.00000     4.79225
     3.77341     0.01552     4.78526     0.00000     4.80078
     3.78341     0.01470     4.74922     0.00000     4.76392
     3.79341     0.01389     4.66438     0.00000     4.67826
     3.80341     0.01317     4.53113     0.00000     4.54430
     3.81341     0.01256     4.34990     0.00000     4.36247
     3.82341     0.01202     4.11748     0.00000     4.12950
     3.83341     0.01145     3.82762     0.00000     3.83907
     3.84341     0.01076     3.48126     0.00000     3.49203
     3.85341     0.00996     3.09709     0.00000     3.10705
     3.86341     0.00915     2.71630     0.00000     2.72545
     3.87341     0.00851     2.39753     0.00000     2.40604
     3.88341     0.00824     2.19995     0.00000     2.20820
     3.89341     0.00849     2.16439     0.00000     2.17289
     3.90341     0.00927     2.29799     0.00000     2.30725
     3.91441     0.01043     2.56883     0.00000     2.57926
     3.92441     0.01176     2.91144     0.00000     2.92320
     3.93441     0.01296     3.24133     0.00000     3.25429
     3.94441     0.01380     3.47365     0.00000     3.48745
     3.95441     0.01421     3.54468     0.00000     3.55889
     3.96441     0.01431     3.42767     0.00000     3.44198
     3.97441     0.01447     3.14203     0.00000     3.15650
     3.98441     0.01524     2.74884     0.00000     2.76407
     3.99441     0.01722     2.33326     0.00000     2.35048
     4.00441     0.02086     1.98013     0.00000     2.00099
     4.01441     0.02621     1.74994     0.00000     1.77615
     4.02441     0.03278     1.66518     0.00000     1.69795
     4.03441     0.03958     1.70957     0.00000     1.74915
     4.04441     0.04540     1.83929     0.00000     1.88470
     4.05441     0.04916     2.00003     0.00000     2.04920
     4.06441     0.05037     2.14396     0.00000     2.19433
     4.07441     0.04940     2.24239     0.00000     2.29179
     4.08441     0.04752     2.29381     0.00000     2.34134
     4.09441     0.04658     2.32434     0.00000     2.37092
     4.10441     0.04851     2.38207     0.00000     2.43058
     4.11441     0.05476     2.52116     0.00000     2.57591
     4.12441     0.06568     2.78198     0.00000     2.84767
     4.13441     0.08029     3.16986     0.00000     3.25015
     4.14441     0.09633     3.64453     0.00000     3.74085
     4.15441     0.11077     4.12521     0.00000     4.23599
     4.16441     0.12080     4.51178     0.00000     4.63258
     4.17441     0.12466     4.71499     0.00000     4.83965
     4.18441     0.12230     4.68181     0.00000     4.80411
     4.19441     0.11545     4.41149     0.00000     4.52694
     4.20441     0.10698     3.95260     0.00000     4.05958
     4.21441     0.09998     3.38783     0.00000     3.48781
     4.22441     0.09664     2.81234     0.00000     2.90898
     4.23441     0.09749     2.30915     0.00000     2.40665
     4.24441     0.10128     1.93181     0.00000     2.03309
     4.25441     0.10541     1.69542     0.00000     1.80083
     4.26441     0.10700     1.58064     0.00000     1.68764
     4.27441     0.10393     1.54737     0.00000     1.65130
     4.28441     0.09564     1.55507     0.00000     1.65071
     4.29441     0.08332     1.58025     0.00000     1.66357
     4.30441     0.06937     1.62496     0.00000     1.69433
     4.31441     0.05662     1.71247     0.00000     1.76908
     4.32441     0.04747     1.87092     0.00000     1.91839
     4.33441     0.04350     2.11300     0.00000     2.15650
     4.34441     0.04526     2.42119     0.00000     2.46645
     4.35441     0.05259     2.74671     0.00000     2.79930
     4.36441     0.06485     3.02444     0.00000     3.08930
     4.37441     0.08116     3.19695     0.00000     3.27812
     4.38441     0.10036     3.23632     0.00000     3.33668
     4.39441     0.12090     3.15432     0.00000     3.27522
     4.40441     0.14073     2.99547     0.00000     3.13620
     4.41441     0.15746     2.81735     0.00000     2.97481
     4.42441     0.16895     2.66991     0.00000     2.83886
     4.43441     0.17389     2.58112     0.00000     2.75501
     4.44441     0.17237     2.55583     0.00000     2.72819
     4.45441     0.16581     2.58311     0.00000     2.74892
     4.46441     0.15650     2.64767     0.00000     2.80417
     4.47441     0.14667     2.73847     0.00000     2.88514
     4.48441     0.13792     2.85041     0.00000     2.98833
     4.49441     0.13095     2.98082     0.00000     3.11177
     4.50441     0.12585     3.12373     0.00000     3.24957
     4.51441     0.12245     3.26513     0.00000     3.38758
     4.52441     0.12075     3.38443     0.00000     3.50518
     4.53441     0.12085     3.45936     0.00000     3.58022
     4.54441     0.12272     3.47358     0.00000     3.59630
     4.55441     0.12585     3.42225     0.00000     3.54811
     4.56441     0.12912     3.31101     0.00000     3.44013
     4.57441     0.13093     3.15317     0.00000     3.28411
     4.58441     0.12981     2.96283     0.00000     3.09264
     4.59441     0.12487     2.75130     0.00000     2.87617
     4.60441     0.11624     2.52639     0.00000     2.64263
     4.61441     0.10510     2.29549     0.00000     2.40059
     4.62441     0.09333     2.06944     0.00000     2.16277
     4.63441     0.08309     1.86593     0.00000     1.94901
     4.64441     0.07634     1.70971     0.00000     1.78605
     4.65441     0.07450     1.62858     0.00000     1.70308
     4.66441     0.07818     1.64559     0.00000     1.72377
     4.67441     0.08710     1.77034     0.00000     1.85744
     4.68441     0.10004     1.99208     0.00000     2.09212
     4.69441     0.11506     2.27877     0.00000     2.39383
     4.70441     0.12990     2.58309     0.00000     2.71299
     4.71441     0.14244     2.85330     0.00000     2.99574
     4.72441     0.15124     3.04581     0.00000     3.19705
     4.73441     0.15579     3.13618     0.00000     3.29197
     4.74441     0.15645     3.12210     0.00000     3.27856
     4.75441     0.15410     3.02065     0.00000     3.17474
     4.76441     0.14964     2.85971     0.00000     3.00934
     4.77441     0.14363     2.66829     0.00000     2.81192
     4.78441     0.13618     2.47098     0.00000     2.60717
     4.79441     0.12713     2.28639     0.00000     2.41352
     4.80441     0.11639     2.13010     0.00000     2.24649
     4.81441     0.10428     2.01841     0.00000     2.12269
     4.82441     0.09161     1.96836     0.00000     2.05997
     4.83441     0.07945     1.99504     0.00000     2.07449
     4.84441     0.06886     2.10505     0.00000     2.17391
     4.85441     0.06047     2.29142     0.00000     2.35188
     4.86441     0.05437     2.53074     0.00000     2.58511
     4.87441     0.05018     2.78626     0.00000     2.83644
     4.88441     0.04719     3.01411     0.00000     3.06130
     4.89441     0.04467     3.17171     0.00000     3.21639
     4.90441     0.04204     3.22637     0.00000     3.26841
     4.91541     0.03892     3.15948     0.00000     3.19840
     4.92541     0.03517     2.96916     0.00000     3.00433
     4.93541     0.03085     2.67048     0.00000     2.70134
     4.94541     0.02619     2.29231     0.00000     2.31850
     4.95541     0.02154     1.87339     0.00000     1.89493
     4.96541     0.01739     1.45562     0.00000     1.47301
     4.97541     0.01425     1.07698     0.00000     1.09123
     4.98541     0.01261     0.76590     0.00000     0.77850
     4.99541     0.01283     0.53730     0.00000     0.55013
     5.00541     0.01506     0.39289     0.00000     0.40795
     5.01541     0.01913     0.32351     0.00000     0.34264
     5.02541     0.02453     0.31336     0.00000     0.33789
     5.03541     0.03047     0.34380     0.00000     0.37427
     5.04541     0.03601     0.39667     0.00000     0.43267
     5.05541     0.04028     0.45655     0.00000     0.49683
     5.06541     0.04274     0.51205     0.00000     0.55479
     5.07541     0.04333     0.55651     0.00000     0.59984
     5.08541     0.04247     0.58784     0.00000     0.63031
     5.09541     0.04106     0.60869     0.00000     0.64975
     5.10541     0.04021     0.62622     0.00000     0.66644
     5.11541     0.04107     0.65218     0.00000     0.69326
     5.12541     0.04455     0.70248     0.00000     0.74703
     5.13541     0.05110     0.79565     0.00000     0.84676
     5.14541     0.06065     0.94990     0.00000     1.01056
     5.15541     0.07268     1.17899     0.00000     1.25167
     5.16541     0.08643     1.48674     0.00000     1.57317
     5.17541     0.10130     1.86322     0.00000     1.96452
     5.18541     0.11700     2.28412     0.00000     2.40112
     5.19541     0.13359     2.71551     0.00000     2.84910
     5.20541     0.15126     3.12349     0.00000     3.27475
     5.21541     0.17000     3.48542     0.00000     3.65542
     5.22541     0.18932     3.79607     0.00000     3.98539
     5.23541     0.20818     4.06529     0.00000     4.27347
     5.24541     0.22498     4.30731     0.00000     4.53229
     5.25541     0.23781     4.52660     0.00000     4.76441
     5.26541     0.24474     4.71024     0.00000     4.95498
     5.27541     0.24417     4.83301     0.00000     5.07718
     5.28541     0.23526     4.87145     0.00000     5.10671
     5.29541     0.21837     4.82207     0.00000     5.04044
     5.30541     0.19506     4.70904     0.00000     4.90410
     5.31541     0.16792     4.57600     0.00000     4.74392
     5.32541     0.13989     4.46642     0.00000     4.60631
     5.33541     0.11366     4.40233     0.00000     4.51598
     5.34541     0.09100     4.37169     0.00000     4.46269
     5.35541     0.07263     4.33593     0.00000     4.40856
     5.36541     0.05838     4.24663     0.00000     4.30500
     5.37541     0.04762     4.06653     0.00000     4.11415
     5.38541     0.03966     3.78470     0.00000     3.82435
     5.39541     0.03400     3.41719     0.00000     3.45119
     5.40541     0.03039     2.99991     0.00000     3.03030
     5.41541     0.02875     2.57491     0.00000     2.60365
     5.42541     0.02897     2.17968     0.00000     2.20866
     5.43541     0.03090     1.84069     0.00000     1.87160
     5.44541     0.03427     1.57290     0.00000     1.60718
     5.45541     0.03876     1.38319     0.00000     1.42195
     5.46541     0.04404     1.27434     0.00000     1.31838
     5.47541     0.04987     1.24901     0.00000     1.29888
     5.48541     0.05611     1.31190     0.00000     1.36801
     5.49541     0.06280     1.46863     0.00000     1.53143
     5.50541     0.07008     1.72228     0.00000     1.79236
     5.51541     0.07818     2.06573     0.00000     2.14390
     5.52541     0.08720     2.47477     0.00000     2.56197
     5.53541     0.09700     2.90542     0.00000     3.00242
     5.54541     0.10704     3.29872     0.00000     3.40576
     5.55541     0.11640     3.59416     0.00000     3.71056
     5.56541     0.12391     3.74662     0.00000     3.87052
     5.57541     0.12842     3.73981     0.00000     3.86822
     5.58541     0.12904     3.58909     0.00000     3.71812
     5.59541     0.12539     3.33479     0.00000     3.46018
     5.60541     0.11766     3.02784     0.00000     3.14550
     5.61541     0.10672     2.71621     0.00000     2.82293
     5.62541     0.09393     2.43591     0.00000     2.52983
     5.63541     0.08101     2.20739     0.00000     2.28840
     5.64541     0.06975     2.03677     0.00000     2.10652
     5.65541     0.06167     1.91947     0.00000     1.98114
     5.66541     0.05770     1.84646     0.00000     1.90415
     5.67541     0.05811     1.81096     0.00000     1.86906
     5.68541     0.06247     1.81368     0.00000     1.87615
     5.69541     0.06977     1.86356     0.00000     1.93333
     5.70541     0.07869     1.97192     0.00000     2.05061
     5.71541     0.08777     2.14375     0.00000     2.23152
     5.72541     0.09572     2.36934     0.00000     2.46507
     5.73541     0.10163     2.62245     0.00000     2.72408
     5.74541     0.10497     2.86463     0.00000     2.96960
     5.75541     0.10569     3.05451     0.00000     3.16019
     5.76541     0.10402     3.15736     0.00000     3.26138
     5.77541     0.10039     3.15226     0.00000     3.25265
     5.78541     0.09530     3.03613     0.00000     3.13143
     5.79541     0.08922     2.82339     0.00000     2.91261
     5.80541     0.08261     2.54334     0.00000     2.62595
     5.81541     0.07588     2.23414     0.00000     2.31002
     5.82541     0.06943     1.93539     0.00000     2.00482
     5.83541     0.06363     1.68022     0.00000     1.74384
     5.84541     0.05874     1.48968     0.00000     1.54842
     5.85541     0.05491     1.37062     0.00000     1.42553
     5.86541     0.05212     1.31675     0.00000     1.36887
     5.87541     0.05020     1.31339     0.00000     1.36359
     5.88541     0.04885     1.34260     0.00000     1.39146
     5.89541     0.04780     1.38748     0.00000     1.43528
     5.90541     0.04679     1.43560     0.00000     1.48239
     5.91641     0.04571     1.47984     0.00000     1.52555
     5.92641     0.04459     1.51819     0.00000     1.56278
     5.93641     0.04359     1.55175     0.00000     1.59534
     5.94641     0.04307     1.58318     0.00000     1.62625
     5.95641     0.04352     1.61438     0.00000     1.65790
     5.96641     0.04556     1.64641     0.00000     1.69197
     5.97641     0.04987     1.67903     0.00000     1.72890
     5.98641     0.05706     1.71147     0.00000     1.76852
     5.99641     0.06752     1.74258     0.00000     1.81010
     6.00641     0.08137     1.77101     0.00000     1.85238
     6.01641     0.09833     1.79484     0.00000     1.89317
     6.02641     0.11776     1.81222     0.00000     1.92999
     6.03641     0.13864     1.82371     0.00000     1.96235
     6.04641     0.15956     1.83350     0.00000     1.99306
     6.05641     0.17878     1.85068     0.00000     2.02946
     6.06641     0.19442     1.88822     0.00000     2.08264
     6.07641     0.20477     1.95966     0.00000     2.16443
     6.08641     0.20879     2.07539     0.00000     2.28418
     6.09641     0.20647     2.23802     0.00000     2.44450
     6.10641     0.19894     2.43807     0.00000     2.63700
     6.11641     0.18817     2.65306     0.00000     2.84123
     6.12641     0.17647     2.84997     0.00000     3.02644
     6.13641     0.16590     2.99220     0.00000     3.15811
     6.14641     0.15793     3.04980     0.00000     3.20773
     6.15641     0.15337     3.00818     0.00000     3.16155
     6.16641     0.15263     2.87208     0.00000     3.02471
     6.17641     0.15589     2.66441     0.00000     2.82031
     6.18641     0.16324     2.41866     0.00000     2.58190
     6.19641     0.17447     2.17028     0.00000     2.34475
     6.20641     0.18884     1.94883     0.00000     2.13767
     6.21641     0.20492     1.77373     0.00000     1.97865
     6.22641     0.22063     1.65405     0.00000     1.87467
     6.23641     0.23360     1.59015     0.00000     1.82376
     6.24641     0.24170     1.57712     0.00000     1.81881
     6.25641     0.24349     1.60623     0.00000     1.84971
     6.26641     0.23849     1.66714     0.00000     1.90562
     6.27641     0.22718     1.74994     0.00000     1.97712
     6.28641     0.21076     1.84736     0.00000     2.05813
     6.29641     0.19089     1.95807     0.00000     2.14896
     6.30641     0.16940     2.08709     0.00000     2.25649
     6.31641     0.14807     2.24284     0.00000     2.39091
     6.32641     0.12836     2.42916     0.00000     2.55752
     6.33641     0.11127     2.63774     0.00000     2.74901
     6.34641     0.09709     2.84332     0.00000     2.94041
     6.35641     0.08556     3.00657     0.00000     3.09212
     6.36641     0.07593     3.08464     0.00000     3.16058
     6.37641     0.06743     3.04533     0.00000     3.11277
     6.38641     0.05948     2.88018     0.00000     2.93966
     6.39641     0.05191     2.60865     0.00000     2.66056
     6.40641     0.04498     2.27438     0.00000     2.31936
     6.41641     0.03920     1.93255     0.00000     1.97176
     6.42641     0.03507     1.63525     0.00000     1.67032
     6.43641     0.03283     1.41930     0.00000     1.45212
     6.44641     0.03235     1.30184     0.00000     1.33419
     6.45641     0.03319     1.28328     0.00000     1.31647
     6.46641     0.03475     1.35481     0.00000     1.38955
     6.47641     0.03647     1.50555     0.00000     1.54202
     6.48641     0.03800     1.72502     0.00000     1.76302
     6.49641     0.03923     1.99895     0.00000     2.03818
     6.50641     0.04018     2.30333     0.00000     2.34352
     6.51641     0.04089     2.59952     0.00000     2.64041
     6.52641     0.04132     2.83734     0.00000     2.87866
     6.53641     0.04136     2.96660     0.00000     3.00796
     6.54641     0.04090     2.95199     0.00000     2.99290
     6.55641     0.03998     2.78783     0.00000     2.82781
     6.56641     0.03881     2.50256     0.00000     2.54137
     6.57641     0.03784     2.15241     0.00000     2.19026
     6.58641     0.03767     1.80559     0.00000     1.84326
     6.59641     0.03885     1.52342     0.00000     1.56227
     6.60641     0.04177     1.34450     0.00000     1.38627
     6.61641     0.04651     1.27784     0.00000     1.32435
     6.62641     0.05290     1.30472     0.00000     1.35762
     6.63641     0.06061     1.38885     0.00000     1.44946
     6.64641     0.06932     1.48961     0.00000     1.55893
     6.65641     0.07898     1.57410     0.00000     1.65308
     6.66641     0.08981     1.62558     0.00000     1.71539
     6.67641     0.10229     1.64419     0.00000     1.74648
     6.68641     0.11687     1.64254     0.00000     1.75941
     6.69641     0.13360     1.63769     0.00000     1.77129
     6.70641     0.15182     1.64311     0.00000     1.79493
     6.71641     0.16999     1.66422     0.00000     1.83422
     6.72641     0.18599     1.69731     0.00000     1.88330
     6.73641     0.19760     1.73337     0.00000     1.93097
     6.74641     0.20325     1.76250     0.00000     1.96574
     6.75641     0.20244     1.77875     0.00000     1.98119
     6.76641     0.19595     1.78292     0.00000     1.97888
     6.77641     0.18544     1.78199     0.00000     1.96743
     6.78641     0.17287     1.78720     0.00000     1.96007
     6.79641     0.15994     1.81014     0.00000     1.97008
     6.80641     0.14767     1.85959     0.00000     2.00726
     6.81641     0.13638     1.93863     0.00000     2.07501
     6.82641     0.12593     2.04296     0.00000     2.16889
     6.83641     0.11600     2.16138     0.00000     2.27738
     6.84641     0.10631     2.27785     0.00000     2.38416
     6.85641     0.09679     2.37649     0.00000     2.47328
     6.86641     0.08761     2.44665     0.00000     2.53426
     6.87641     0.07918     2.48994     0.00000     2.56912
     6.88641     0.07210     2.52256     0.00000     2.59465
     6.89641     0.06712     2.57398     0.00000     2.64110
     6.90641     0.06496     2.67935     0.00000     2.74431
     6.91741     0.06614     2.86788     0.00000     2.93402
     6.92741     0.07067     3.14999     0.00000     3.22066
     6.93741     0.07785     3.50738     0.00000     3.58523
     6.94741     0.08623     3.88977     0.00000     3.97600
     6.95741     0.09382     4.22240     0.00000     4.31622
     6.96741     0.09857     4.42327     0.00000     4.52184
     6.97741     0.09910     4.42821     0.00000     4.52731
     6.98741     0.09522     4.21386     0.00000     4.30908
     6.99741     0.08814     3.80753     0.00000     3.89566
     7.00741     0.08015     3.28264     0.00000     3.36278
     7.01741     0.07391     2.73506     0.00000     2.80897
     7.02741     0.07165     2.25496     0.00000     2.32661
     7.03741     0.07444     1.90305     0.00000     1.97749
     7.04741     0.08210     1.70141     0.00000     1.78351
     7.05741     0.09343     1.63958     0.00000     1.73301
     7.06741     0.10682     1.69003     0.00000     1.79684
     7.07741     0.12093     1.82443     0.00000     1.94537
     7.08741     0.13517     2.02371     0.00000     2.15888
     7.09741     0.14972     2.27819     0.00000     2.42791
     7.10741     0.16531     2.58037     0.00000     2.74568
     7.11741     0.18258     2.91484     0.00000     3.09742
     7.12741     0.20160     3.25242     0.00000     3.45402
     7.13741     0.22155     3.55360     0.00000     3.77515
     7.14741     0.24087     3.77829     0.00000     4.01916
     7.15741     0.25770     3.90011     0.00000     4.15781
     7.16741     0.27052     3.91396     0.00000     4.18448
     7.17741     0.27842     3.83498     0.00000     4.11340
     7.18741     0.28129     3.68908     0.00000     3.97038
     7.19741     0.27948     3.50061     0.00000     3.78009
     7.20741     0.27352     3.28433     0.00000     3.55785
     7.21741     0.26398     3.04678     0.00000     3.31076
     7.22741     0.25145     2.79200     0.00000     3.04345
     7.23741     0.23673     2.52920     0.00000     2.76592
     7.24741     0.22078     2.27588     0.00000     2.49666
     7.25741     0.20472     2.05448     0.00000     2.25920
     7.26741     0.18941     1.88594     0.00000     2.07535
     7.27741     0.17532     1.78301     0.00000     1.95833
     7.28741     0.16241     1.74666     0.00000     1.90907
     7.29741     0.15033     1.76609     0.00000     1.91642
     7.30741     0.13868     1.82175     0.00000     1.96043
     7.31741     0.12727     1.89050     0.00000     2.01777
     7.32741     0.11623     1.95144     0.00000     2.06766
     7.33741     0.10595     1.99109     0.00000     2.09704
     7.34741     0.09705     2.00752     0.00000     2.10458
     7.35741     0.09021     2.01092     0.00000     2.10113
     7.36741     0.08616     2.01886     0.00000     2.10501
     7.37741     0.08548     2.04937     0.00000     2.13485
     7.38741     0.08853     2.11174     0.00000     2.20027
     7.39741     0.09528     2.20147     0.00000     2.29675
     7.40741     0.10531     2.30072     0.00000     2.40603
     7.41741     0.11787     2.38525     0.00000     2.50312
     7.42741     0.13218     2.43395     0.00000     2.56613
     7.43741     0.14743     2.43728     0.00000     2.58471
     7.44741     0.16302     2.40006     0.00000     2.56307
     7.45741     0.17836     2.33928     0.00000     2.51764
     7.46741     0.19289     2.27601     0.00000     2.46890
     7.47741     0.20618     2.22851     0.00000     2.43469
     7.48741     0.21806     2.20719     0.00000     2.42525
     7.49741     0.22888     2.21344     0.00000     2.44232
     7.50741     0.23954     2.24274     0.00000     2.48228
     7.51741     0.25120     2.28779     0.00000     2.53899
     7.52741     0.26475     2.34103     0.00000     2.60578
     7.53741     0.28020     2.39510     0.00000     2.67530
     7.54741     0.29633     2.44215     0.00000     2.73848
     7.55741     0.31087     2.47288     0.00000     2.78375
     7.56741     0.32090     2.47814     0.00000     2.79904
     7.57741     0.32377     2.45049     0.00000     2.77426
     7.58741     0.31797     2.38656     0.00000     2.70454
     7.59741     0.30352     2.28845     0.00000     2.59198
     7.60741     0.28216     2.16341     0.00000     2.44557
     7.61741     0.25686     2.02352     0.00000     2.28038
     7.62741     0.23132     1.88537     0.00000     2.11669
     7.63741     0.20920     1.76952     0.00000     1.97872
     7.64741     0.19346     1.69894     0.00000     1.89240
     7.65741     0.18597     1.69508     0.00000     1.88105
     7.66741     0.18712     1.77201     0.00000     1.95913
     7.67741     0.19585     1.93069     0.00000     2.12654
     7.68741     0.20993     2.15539     0.00000     2.36532
     7.69741     0.22637     2.41565     0.00000     2.64202
     7.70741     0.24212     2.67256     0.00000     2.91468
     7.71741     0.25449     2.88797     0.00000     3.14246
     7.72741     0.26170     3.03201     0.00000     3.29371
     7.73741     0.26289     3.08891     0.00000     3.35180
     7.74741     0.25816     3.05714     0.00000     3.31530
     7.75741     0.24838     2.94820     0.00000     3.19658
     7.76741     0.23489     2.78304     0.00000     3.01793
     7.77741     0.21926     2.58849     0.00000     2.80774
     7.78741     0.20299     2.39202     0.00000     2.59501
     7.79741     0.18732     2.21714     0.00000     2.40446
     7.80741     0.17310     2.07961     0.00000     2.25271
     7.81741     0.16071     1.98525     0.00000     2.14596
     7.82741     0.15015     1.93133     0.00000     2.08148
     7.83741     0.14120     1.90908     0.00000     2.05028
     7.84741     0.13360     1.90893     0.00000     2.04253
     7.85741     0.12724     1.92371     0.00000     2.05094
     7.86741     0.12226     1.95106     0.00000     2.07332
     7.87741     0.11906     1.99204     0.00000     2.11110
     7.88741     0.11804     2.04730     0.00000     2.16533
     7.89741     0.11940     2.11243     0.00000     2.23184
     7.90741     0.12299     2.17488     0.00000     2.29787
     7.91841     0.12828     2.21570     0.00000     2.34398
     7.92841     0.13480     2.21525     0.00000     2.35004
     7.93841     0.14258     2.16054     0.00000     2.30311
     7.94841     0.15269     2.05206     0.00000     2.20475
     7.95841     0.16734     1.90496     0.00000     2.07230
     7.96841     0.18945     1.74624     0.00000     1.93570
     7.97841     0.22172     1.60671     0.00000     1.82843
     7.98841     0.26528     1.51268     0.00000     1.77796
     7.99841     0.31864     1.47800     0.00000     1.79664
     8.00841     0.37743     1.50124     0.00000     1.87867
     8.01841     0.43532     1.56710     0.00000     2.00242
     8.02841     0.48606     1.65280     0.00000     2.13886
     8.03841     0.52562     1.73603     0.00000     2.26165
     8.04841     0.55364     1.80216     0.00000     2.35580
     8.05841     0.57352     1.84668     0.00000     2.42021
     8.06841     0.59052     1.87340     0.00000     2.46392
     8.07841     0.60922     1.88865     0.00000     2.49787
     8.08841     0.63162     1.89663     0.00000     2.52825
     8.09841     0.65629     1.89723     0.00000     2.55352
     8.10841     0.67987     1.88756     0.00000     2.56743
     8.11841     0.69885     1.86658     0.00000     2.56543
     8.12841     0.71183     1.83831     0.00000     2.55014
     8.13841     0.71972     1.81215     0.00000     2.53187
     8.14841     0.72491     1.79994     0.00000     2.52485
     8.15841     0.72944     1.81119     0.00000     2.54062
     8.16841     0.73373     1.84970     0.00000     2.58343
     8.17841     0.73669     1.91328     0.00000     2.64997
     8.18841     0.73688     1.99509     0.00000     2.73197
     8.19841     0.73374     2.08661     0.00000     2.82035
     8.20841     0.72835     2.17873     0.00000     2.90707
     8.21841     0.72315     2.26239     0.00000     2.98554
     8.22841     0.72110     2.32903     0.00000     3.05014
     8.23841     0.72435     2.37179     0.00000     3.09614
     8.24841     0.73322     2.38739     0.00000     3.12061
     8.25841     0.74579     2.37636     0.00000     3.12215
     8.26841     0.75792     2.34154     0.00000     3.09947
     8.27841     0.76433     2.28613     0.00000     3.05046
     8.28841     0.75998     2.21198     0.00000     2.97197
     8.29841     0.74232     2.12103     0.00000     2.86335
     8.30841     0.71201     2.01823     0.00000     2.73024
     8.31841     0.67339     1.91394     0.00000     2.58733
     8.32841     0.63294     1.82363     0.00000     2.45657
     8.33841     0.59780     1.76439     0.00000     2.36219
     8.34841     0.57424     1.74965     0.00000     2.32389
     8.35841     0.56679     1.78482     0.00000     2.35161
     8.36841     0.57773     1.86517     0.00000     2.44290
     8.37841     0.60680     1.97725     0.00000     2.58404
     8.38841     0.65051     2.10233     0.00000     2.75284
     8.39841     0.70211     2.22186     0.00000     2.92397
     8.40841     0.75262     2.32251     0.00000     3.07513
