     #Energy           s           p           d       tot  
    -1.59159    23.89000    31.10000   314.40000   369.39000
    -1.58159     0.00003     0.00234     0.02152     0.02389
    -1.57159     0.00004     0.00259     0.01756     0.02018
    -1.56159     0.00006     0.00319     0.01664     0.01988
    -1.55159     0.00008     0.00404     0.01800     0.02212
    -1.54159     0.00010     0.00497     0.02054     0.02560
    -1.53159     0.00011     0.00575     0.02306     0.02892
    -1.52159     0.00012     0.00619     0.02457     0.03088
    -1.51159     0.00012     0.00618     0.02446     0.03076
    -1.50159     0.00011     0.00570     0.02268     0.02849
    -1.49159     0.00009     0.00488     0.01968     0.02465
    -1.48159     0.00008     0.00387     0.01628     0.02023
    -1.47159     0.00006     0.00288     0.01339     0.01633
    -1.46159     0.00004     0.00206     0.01178     0.01388
    -1.45159     0.00003     0.00148     0.01198     0.01349
    -1.44159     0.00002     0.00117     0.01411     0.01530
    -1.43159     0.00002     0.00106     0.01795     0.01903
    -1.42159     0.00002     0.00110     0.02293     0.02406
    -1.41159     0.00003     0.00120     0.02827     0.02950
    -1.40159     0.00004     0.00130     0.03308     0.03441
    -1.39159     0.00004     0.00133     0.03660     0.03798
    -1.38159     0.00005     0.00129     0.03829     0.03963
    -1.37159     0.00005     0.00117     0.03791     0.03913
    -1.36159     0.00005     0.00100     0.03556     0.03661
    -1.35159     0.00005     0.00080     0.03160     0.03245
    -1.34159     0.00005     0.00060     0.02657     0.02722
    -1.33159     0.00004     0.00043     0.02110     0.02157
    -1.32159     0.00003     0.00029     0.01582     0.01614
    -1.31159     0.00002     0.00019     0.01123     0.01144
    -1.30159     0.00002     0.00012     0.00769     0.00782
    -1.29159     0.00001     0.00008     0.00539     0.00547
    -1.28159     0.00001     0.00007     0.00437     0.00445
    -1.27159     0.00000     0.00009     0.00464     0.00473
    -1.26159     0.00000     0.00017     0.00609     0.00627
    -1.25159     0.00000     0.00034     0.00860     0.00895
    -1.24159     0.00001     0.00069     0.01191     0.01261
    -1.23159     0.00001     0.00134     0.01566     0.01701
    -1.22159     0.00001     0.00248     0.01941     0.02190
    -1.21159     0.00001     0.00432     0.02282     0.02716
    -1.20159     0.00001     0.00709     0.02568     0.03279
    -1.19159     0.00002     0.01092     0.02805     0.03899
    -1.18159     0.00002     0.01579     0.03014     0.04595
    -1.17159     0.00002     0.02145     0.03223     0.05370
    -1.16159     0.00002     0.02745     0.03445     0.06192
    -1.15159     0.00003     0.03320     0.03678     0.07001
    -1.14159     0.00003     0.03809     0.03902     0.07714
    -1.13159     0.00003     0.04165     0.04087     0.08255
    -1.12159     0.00002     0.04355     0.04205     0.08562
    -1.11159     0.00002     0.04368     0.04228     0.08598
    -1.10159     0.00002     0.04207     0.04134     0.08343
    -1.09059     0.00002     0.03887     0.03906     0.07795
    -1.08059     0.00001     0.03436     0.03545     0.06982
    -1.07059     0.00001     0.02893     0.03074     0.05968
    -1.06059     0.00001     0.02310     0.02536     0.04847
    -1.05059     0.00001     0.01743     0.01995     0.03739
    -1.04059     0.00001     0.01240     0.01511     0.02752
    -1.03059     0.00001     0.00834     0.01129     0.01964
    -1.02059     0.00001     0.00535     0.00863     0.01399
    -1.01059     0.00001     0.00335     0.00702     0.01038
    -1.00059     0.00001     0.00212     0.00616     0.00828
    -0.99059     0.00001     0.00141     0.00567     0.00709
    -0.98059     0.00001     0.00102     0.00523     0.00625
    -0.97059     0.00001     0.00077     0.00467     0.00545
    -0.96059     0.00001     0.00060     0.00393     0.00454
    -0.95059     0.00000     0.00045     0.00310     0.00355
    -0.94059     0.00000     0.00032     0.00226     0.00259
    -0.93059     0.00000     0.00022     0.00153     0.00175
    -0.92059     0.00000     0.00014     0.00096     0.00109
    -0.91059     0.00000     0.00008     0.00055     0.00063
    -0.90059     0.00000     0.00005     0.00030     0.00034
    -0.89059     0.00000     0.00003     0.00016     0.00019
    -0.88059     0.00000     0.00004     0.00010     0.00014
    -0.87059     0.00000     0.00007     0.00011     0.00018
    -0.86059     0.00000     0.00016     0.00019     0.00035
    -0.85059     0.00000     0.00032     0.00039     0.00071
    -0.84059     0.00001     0.00062     0.00074     0.00137
    -0.83059     0.00001     0.00111     0.00132     0.00244
    -0.82059     0.00002     0.00182     0.00217     0.00401
    -0.81059     0.00002     0.00276     0.00330     0.00608
    -0.80059     0.00003     0.00387     0.00462     0.00853
    -0.79059     0.00004     0.00502     0.00599     0.01105
    -0.78059     0.00005     0.00600     0.00716     0.01321
    -0.77059     0.00006     0.00662     0.00791     0.01459
    -0.76059     0.00006     0.00675     0.00807     0.01488
    -0.75059     0.00006     0.00636     0.00760     0.01401
    -0.74059     0.00005     0.00553     0.00661     0.01219
    -0.73059     0.00004     0.00444     0.00530     0.00979
    -0.72059     0.00003     0.00330     0.00394     0.00726
    -0.71059     0.00002     0.00226     0.00269     0.00497
    -0.70059     0.00001     0.00143     0.00170     0.00314
    -0.69059     0.00001     0.00083     0.00100     0.00184
    -0.68059     0.00000     0.00045     0.00054     0.00099
    -0.67059     0.00000     0.00022     0.00027     0.00049
    -0.66059     0.00000     0.00010     0.00012     0.00023
    -0.65059     0.00000     0.00004     0.00005     0.00010
    -0.64059     0.00000     0.00002     0.00002     0.00004
    -0.63059     0.00000     0.00001     0.00001     0.00001
    -0.62059     0.00000     0.00000     0.00000     0.00000
    -0.61059     0.00000     0.00000     0.00000     0.00000
    -0.60059     0.00000     0.00000     0.00000     0.00000
    -0.59059     0.00000     0.00000     0.00000     0.00000
    -0.58059     0.00000     0.00000     0.00000     0.00000
    -0.57059     0.00000     0.00000     0.00000     0.00000
    -0.56059     0.00000     0.00000     0.00000     0.00000
    -0.55059     0.00000     0.00000     0.00001     0.00001
    -0.54059     0.00000     0.00000     0.00002     0.00002
    -0.53059     0.00000     0.00000     0.00004     0.00004
    -0.52059     0.00000     0.00000     0.00010     0.00010
    -0.51059     0.00000     0.00001     0.00022     0.00023
    -0.50059     0.00000     0.00002     0.00045     0.00047
    -0.49059     0.00000     0.00004     0.00084     0.00088
    -0.48059     0.00000     0.00007     0.00146     0.00154
    -0.47059     0.00000     0.00011     0.00235     0.00247
    -0.46059     0.00001     0.00017     0.00348     0.00366
    -0.45059     0.00001     0.00023     0.00476     0.00501
    -0.44059     0.00001     0.00029     0.00602     0.00633
    -0.43059     0.00001     0.00034     0.00703     0.00739
    -0.42059     0.00001     0.00037     0.00759     0.00798
    -0.41059     0.00001     0.00037     0.00758     0.00796
    -0.40059     0.00001     0.00034     0.00703     0.00739
    -0.39059     0.00001     0.00029     0.00614     0.00644
    -0.38059     0.00001     0.00024     0.00520     0.00545
    -0.37059     0.00001     0.00019     0.00461     0.00480
    -0.36059     0.00000     0.00016     0.00476     0.00493
    -0.35059     0.00000     0.00016     0.00606     0.00622
    -0.34059     0.00000     0.00019     0.00880     0.00899
    -0.33059     0.00000     0.00027     0.01309     0.01336
    -0.32059     0.00000     0.00039     0.01875     0.01914
    -0.31059     0.00001     0.00054     0.02522     0.02576
    -0.30059     0.00001     0.00072     0.03156     0.03228
    -0.29059     0.00001     0.00092     0.03668     0.03761
    -0.28059     0.00001     0.00114     0.03966     0.04081
    -0.27059     0.00001     0.00138     0.04001     0.04141
    -0.26059     0.00002     0.00165     0.03785     0.03951
    -0.25059     0.00002     0.00192     0.03384     0.03578
    -0.24059     0.00002     0.00218     0.02888     0.03108
    -0.23059     0.00002     0.00237     0.02379     0.02618
    -0.22059     0.00002     0.00245     0.01912     0.02160
    -0.21059     0.00002     0.00239     0.01509     0.01751
    -0.20059     0.00002     0.00218     0.01168     0.01388
    -0.19059     0.00002     0.00185     0.00881     0.01068
    -0.18059     0.00001     0.00146     0.00640     0.00787
    -0.17059     0.00001     0.00106     0.00443     0.00551
    -0.16059     0.00001     0.00072     0.00289     0.00362
    -0.15059     0.00000     0.00045     0.00177     0.00222
    -0.14059     0.00000     0.00026     0.00101     0.00127
    -0.13059     0.00000     0.00014     0.00053     0.00067
    -0.12059     0.00000     0.00007     0.00026     0.00033
    -0.11059     0.00000     0.00003     0.00012     0.00015
    -0.10059     0.00000     0.00001     0.00005     0.00006
    -0.08959     0.00000     0.00001     0.00002     0.00002
    -0.07959     0.00000     0.00000     0.00001     0.00001
    -0.06959     0.00000     0.00000     0.00000     0.00000
    -0.05959     0.00000     0.00000     0.00000     0.00000
    -0.04959     0.00000     0.00000     0.00000     0.00000
    -0.03959     0.00000     0.00000     0.00000     0.00000
    -0.02959     0.00000     0.00000     0.00000     0.00000
    -0.01959     0.00000     0.00000     0.00000     0.00000
    -0.00959     0.00000     0.00000     0.00000     0.00000
     0.00041     0.00000     0.00000     0.00000     0.00000
     0.01041     0.00000     0.00000     0.00000     0.00000
     0.02041     0.00000     0.00000     0.00000     0.00000
     0.03041     0.00000     0.00000     0.00000     0.00000
     0.04041     0.00000     0.00000     0.00000     0.00000
     0.05041     0.00000     0.00000     0.00000     0.00000
     0.06041     0.00000     0.00000     0.00000     0.00000
     0.07041     0.00000     0.00000     0.00000     0.00000
     0.08041     0.00000     0.00000     0.00000     0.00000
     0.09041     0.00000     0.00000     0.00000     0.00000
     0.10041     0.00000     0.00000     0.00000     0.00000
     0.11041     0.00000     0.00000     0.00000     0.00000
     0.12041     0.00000     0.00000     0.00000     0.00000
     0.13041     0.00000     0.00000     0.00000     0.00000
     0.14041     0.00000     0.00000     0.00000     0.00000
     0.15041     0.00000     0.00000     0.00000     0.00000
     0.16041     0.00000     0.00000     0.00000     0.00000
     0.17041     0.00000     0.00000     0.00000     0.00000
     0.18041     0.00000     0.00000     0.00000     0.00000
     0.19041     0.00000     0.00000     0.00000     0.00000
     0.20041     0.00000     0.00000     0.00000     0.00000
     0.21041     0.00000     0.00000     0.00000     0.00000
     0.22041     0.00000     0.00000     0.00000     0.00000
     0.23041     0.00000     0.00000     0.00000     0.00000
     0.24041     0.00000     0.00000     0.00000     0.00000
     0.25041     0.00000     0.00000     0.00000     0.00000
     0.26041     0.00000     0.00000     0.00000     0.00000
     0.27041     0.00000     0.00000     0.00000     0.00000
     0.28041     0.00000     0.00000     0.00000     0.00000
     0.29041     0.00000     0.00001     0.00000     0.00001
     0.30041     0.00000     0.00003     0.00001     0.00004
     0.31041     0.00000     0.00007     0.00002     0.00010
     0.32041     0.00000     0.00017     0.00005     0.00023
     0.33041     0.00000     0.00038     0.00012     0.00050
     0.34041     0.00000     0.00077     0.00024     0.00102
     0.35041     0.00001     0.00145     0.00046     0.00192
     0.36041     0.00001     0.00252     0.00079     0.00333
     0.37041     0.00002     0.00404     0.00127     0.00533
     0.38041     0.00003     0.00598     0.00187     0.00788
     0.39041     0.00004     0.00817     0.00256     0.01077
     0.40041     0.00005     0.01031     0.00323     0.01359
     0.41041     0.00006     0.01201     0.00376     0.01583
     0.42041     0.00006     0.01292     0.00405     0.01703
     0.43041     0.00006     0.01283     0.00402     0.01691
     0.44041     0.00006     0.01177     0.00369     0.01551
     0.45041     0.00005     0.00997     0.00313     0.01315
     0.46041     0.00004     0.00780     0.00245     0.01029
     0.47041     0.00003     0.00564     0.00177     0.00743
     0.48041     0.00002     0.00376     0.00118     0.00496
     0.49041     0.00001     0.00232     0.00073     0.00305
     0.50041     0.00001     0.00132     0.00041     0.00174
     0.51041     0.00000     0.00069     0.00022     0.00091
     0.52041     0.00000     0.00034     0.00011     0.00044
     0.53041     0.00000     0.00015     0.00005     0.00020
     0.54041     0.00000     0.00006     0.00002     0.00008
     0.55041     0.00000     0.00002     0.00001     0.00003
     0.56041     0.00000     0.00001     0.00000     0.00001
     0.57041     0.00000     0.00000     0.00000     0.00000
     0.58041     0.00000     0.00000     0.00000     0.00000
     0.59041     0.00000     0.00000     0.00000     0.00000
     0.60041     0.00000     0.00000     0.00000     0.00000
     0.61041     0.00000     0.00001     0.00000     0.00001
     0.62041     0.00000     0.00002     0.00001     0.00003
     0.63041     0.00000     0.00006     0.00002     0.00008
     0.64041     0.00000     0.00014     0.00006     0.00020
     0.65041     0.00000     0.00033     0.00014     0.00048
     0.66041     0.00001     0.00072     0.00031     0.00104
     0.67041     0.00001     0.00145     0.00063     0.00209
     0.68041     0.00003     0.00269     0.00116     0.00388
     0.69041     0.00005     0.00462     0.00199     0.00666
     0.70041     0.00008     0.00731     0.00317     0.01056
     0.71041     0.00011     0.01071     0.00467     0.01549
     0.72041     0.00015     0.01454     0.00641     0.02109
     0.73041     0.00019     0.01833     0.00822     0.02674
     0.74041     0.00022     0.02155     0.00997     0.03174
     0.75041     0.00025     0.02379     0.01157     0.03561
     0.76041     0.00026     0.02496     0.01309     0.03831
     0.77041     0.00027     0.02532     0.01475     0.04034
     0.78041     0.00028     0.02536     0.01680     0.04244
     0.79041     0.00029     0.02564     0.01941     0.04534
     0.80041     0.00031     0.02650     0.02257     0.04938
     0.81041     0.00035     0.02795     0.02599     0.05429
     0.82041     0.00038     0.02965     0.02921     0.05924
     0.83041     0.00041     0.03110     0.03168     0.06319
     0.84041     0.00044     0.03175     0.03293     0.06512
     0.85041     0.00044     0.03121     0.03266     0.06431
     0.86041     0.00043     0.02930     0.03083     0.06056
     0.87041     0.00039     0.02613     0.02767     0.05419
     0.88041     0.00034     0.02204     0.02370     0.04608
     0.89041     0.00027     0.01754     0.01965     0.03746
     0.90041     0.00021     0.01315     0.01638     0.02974
     0.91141     0.00016     0.00933     0.01477     0.02426
     0.92141     0.00013     0.00637     0.01557     0.02207
     0.93141     0.00011     0.00437     0.01920     0.02368
     0.94141     0.00011     0.00324     0.02559     0.02894
     0.95141     0.00013     0.00278     0.03406     0.03697
     0.96141     0.00015     0.00275     0.04323     0.04613
     0.97141     0.00018     0.00290     0.05133     0.05441
     0.98141     0.00019     0.00304     0.05656     0.05979
     0.99141     0.00020     0.00303     0.05768     0.06091
     1.00141     0.00018     0.00284     0.05440     0.05742
     1.01141     0.00016     0.00248     0.04749     0.05014
     1.02141     0.00014     0.00206     0.03847     0.04067
     1.03141     0.00012     0.00165     0.02913     0.03089
     1.04141     0.00010     0.00135     0.02097     0.02241
     1.05141     0.00010     0.00119     0.01493     0.01621
     1.06141     0.00010     0.00118     0.01129     0.01257
     1.07141     0.00012     0.00128     0.00988     0.01127
     1.08141     0.00013     0.00142     0.01020     0.01175
     1.09141     0.00015     0.00154     0.01171     0.01340
     1.10141     0.00016     0.00159     0.01382     0.01557
     1.11141     0.00015     0.00154     0.01602     0.01772
     1.12141     0.00014     0.00140     0.01780     0.01934
     1.13141     0.00013     0.00119     0.01876     0.02007
     1.14141     0.00010     0.00094     0.01863     0.01968
     1.15141     0.00008     0.00071     0.01735     0.01814
     1.16141     0.00006     0.00050     0.01510     0.01566
     1.17141     0.00004     0.00034     0.01224     0.01262
     1.18141     0.00003     0.00021     0.00922     0.00946
     1.19141     0.00002     0.00013     0.00645     0.00660
     1.20141     0.00001     0.00007     0.00418     0.00427
     1.21141     0.00001     0.00004     0.00251     0.00255
     1.22141     0.00000     0.00002     0.00139     0.00142
     1.23141     0.00000     0.00001     0.00071     0.00073
     1.24141     0.00000     0.00000     0.00034     0.00034
     1.25141     0.00000     0.00000     0.00015     0.00015
     1.26141     0.00000     0.00000     0.00006     0.00006
     1.27141     0.00000     0.00000     0.00003     0.00003
     1.28141     0.00000     0.00000     0.00002     0.00002
     1.29141     0.00000     0.00000     0.00005     0.00005
     1.30141     0.00000     0.00000     0.00014     0.00014
     1.31141     0.00000     0.00000     0.00037     0.00038
     1.32141     0.00000     0.00001     0.00093     0.00094
     1.33141     0.00000     0.00003     0.00213     0.00216
     1.34141     0.00000     0.00005     0.00452     0.00458
     1.35141     0.00001     0.00011     0.00886     0.00898
     1.36141     0.00001     0.00019     0.01604     0.01625
     1.37141     0.00002     0.00032     0.02681     0.02716
     1.38141     0.00004     0.00050     0.04137     0.04190
     1.39141     0.00005     0.00071     0.05895     0.05971
     1.40141     0.00007     0.00093     0.07758     0.07858
     1.41141     0.00008     0.00113     0.09428     0.09550
     1.42141     0.00009     0.00128     0.10580     0.10717
     1.43141     0.00010     0.00133     0.10970     0.11112
     1.44141     0.00009     0.00128     0.10500     0.10637
     1.45141     0.00008     0.00115     0.09289     0.09412
     1.46141     0.00007     0.00098     0.07600     0.07705
     1.47141     0.00005     0.00082     0.05761     0.05848
     1.48141     0.00004     0.00070     0.04067     0.04141
     1.49141     0.00002     0.00066     0.02705     0.02773
     1.50141     0.00001     0.00070     0.01738     0.01809
     1.51141     0.00001     0.00079     0.01131     0.01211
     1.52141     0.00001     0.00091     0.00794     0.00885
     1.53141     0.00000     0.00101     0.00625     0.00727
     1.54141     0.00000     0.00106     0.00539     0.00645
     1.55141     0.00000     0.00103     0.00479     0.00582
     1.56141     0.00000     0.00093     0.00415     0.00507
     1.57141     0.00000     0.00077     0.00340     0.00418
     1.58141     0.00000     0.00060     0.00261     0.00320
     1.59141     0.00000     0.00043     0.00186     0.00229
     1.60141     0.00000     0.00029     0.00127     0.00155
     1.61141     0.00000     0.00019     0.00087     0.00107
     1.62141     0.00000     0.00015     0.00073     0.00089
     1.63141     0.00000     0.00017     0.00091     0.00108
     1.64141     0.00001     0.00027     0.00148     0.00176
     1.65141     0.00001     0.00046     0.00259     0.00306
     1.66141     0.00002     0.00077     0.00435     0.00514
     1.67141     0.00003     0.00120     0.00684     0.00806
     1.68141     0.00004     0.00173     0.00999     0.01177
     1.69141     0.00006     0.00231     0.01361     0.01598
     1.70141     0.00007     0.00286     0.01743     0.02036
     1.71141     0.00009     0.00326     0.02128     0.02462
     1.72141     0.00010     0.00343     0.02534     0.02887
     1.73141     0.00010     0.00334     0.03031     0.03375
     1.74141     0.00011     0.00300     0.03740     0.04051
     1.75141     0.00012     0.00249     0.04804     0.05065
     1.76141     0.00013     0.00192     0.06342     0.06547
     1.77141     0.00016     0.00138     0.08407     0.08561
     1.78141     0.00019     0.00095     0.10990     0.11103
     1.79141     0.00023     0.00065     0.14030     0.14118
     1.80141     0.00028     0.00051     0.17540     0.17618
     1.81141     0.00034     0.00049     0.21560     0.21642
     1.82141     0.00040     0.00058     0.26190     0.26288
     1.83141     0.00048     0.00074     0.31390     0.31512
     1.84141     0.00057     0.00093     0.36880     0.37030
     1.85141     0.00065     0.00111     0.41970     0.42146
     1.86141     0.00072     0.00124     0.45730     0.45926
     1.87141     0.00075     0.00130     0.47220     0.47424
     1.88141     0.00073     0.00126     0.45850     0.46049
     1.89141     0.00067     0.00113     0.41650     0.41830
     1.90141     0.00058     0.00095     0.35260     0.35412
     1.91241     0.00046     0.00073     0.27770     0.27889
     1.92241     0.00034     0.00053     0.20330     0.20417
     1.93241     0.00023     0.00036     0.13850     0.13909
     1.94241     0.00015     0.00022     0.08876     0.08913
     1.95241     0.00009     0.00013     0.05529     0.05551
     1.96241     0.00005     0.00008     0.03688     0.03701
     1.97241     0.00004     0.00006     0.03113     0.03122
     1.98241     0.00003     0.00005     0.03552     0.03561
     1.99241     0.00004     0.00007     0.04773     0.04783
     2.00241     0.00005     0.00009     0.06550     0.06564
     2.01241     0.00007     0.00011     0.08650     0.08668
     2.02241     0.00009     0.00013     0.10870     0.10892
     2.03241     0.00011     0.00015     0.13110     0.13136
     2.04241     0.00013     0.00016     0.15520     0.15549
     2.05241     0.00016     0.00017     0.18450     0.18483
     2.06241     0.00021     0.00017     0.22440     0.22478
     2.07241     0.00027     0.00018     0.27910     0.27955
     2.08241     0.00035     0.00019     0.34850     0.34903
     2.09241     0.00043     0.00021     0.42630     0.42694
     2.10241     0.00051     0.00023     0.49990     0.50064
     2.11241     0.00056     0.00026     0.55360     0.55441
     2.12241     0.00057     0.00027     0.57400     0.57485
     2.13241     0.00055     0.00028     0.55500     0.55582
     2.14241     0.00048     0.00027     0.50010     0.50086
     2.15241     0.00040     0.00026     0.42140     0.42206
     2.16241     0.00030     0.00025     0.33550     0.33605
     2.17241     0.00022     0.00025     0.25780     0.25827
     2.18241     0.00015     0.00026     0.19890     0.19931
     2.19241     0.00010     0.00029     0.16320     0.16359
     2.20241     0.00007     0.00033     0.14970     0.15010
     2.21241     0.00006     0.00036     0.15490     0.15532
     2.22241     0.00007     0.00038     0.17530     0.17575
     2.23241     0.00009     0.00039     0.20990     0.21039
     2.24241     0.00013     0.00039     0.26140     0.26192
     2.25241     0.00019     0.00038     0.33450     0.33508
     2.26241     0.00027     0.00038     0.43340     0.43406
     2.27241     0.00037     0.00040     0.55800     0.55877
     2.28241     0.00048     0.00042     0.70120     0.70211
     2.29241     0.00060     0.00046     0.84830     0.84935
     2.30241     0.00070     0.00049     0.98080     0.98198
     2.31241     0.00077     0.00050     1.08200     1.08327
     2.32241     0.00081     0.00050     1.14300     1.14431
     2.33241     0.00083     0.00047     1.16300     1.16430
     2.34241     0.00081     0.00043     1.14900     1.15024
     2.35241     0.00078     0.00038     1.11200     1.11316
     2.36241     0.00075     0.00032     1.06000     1.06107
     2.37241     0.00071     0.00027     1.00200     1.00298
     2.38241     0.00067     0.00022     0.94000     0.94090
     2.39241     0.00064     0.00019     0.87810     0.87893
     2.40241     0.00060     0.00017     0.81830     0.81907
     2.41241     0.00056     0.00016     0.76320     0.76393
     2.42241     0.00053     0.00017     0.71650     0.71720
     2.43241     0.00050     0.00019     0.68360     0.68429
     2.44241     0.00048     0.00022     0.67160     0.67230
     2.45241     0.00048     0.00026     0.68930     0.69004
     2.46241     0.00051     0.00031     0.74530     0.74611
     2.47241     0.00058     0.00036     0.84730     0.84824
     2.48241     0.00069     0.00044     0.99950     1.00063
     2.49241     0.00084     0.00054     1.20000     1.20138
     2.50241     0.00102     0.00066     1.43500     1.43668
     2.51241     0.00121     0.00078     1.67700     1.67899
     2.52241     0.00138     0.00089     1.88500     1.88727
     2.53241     0.00149     0.00097     2.01600     2.01845
     2.54241     0.00151     0.00099     2.03400     2.03650
     2.55241     0.00144     0.00096     1.93000     1.93239
     2.56241     0.00128     0.00088     1.72500     1.72716
     2.57241     0.00108     0.00077     1.47000     1.47185
     2.58241     0.00089     0.00066     1.22800     1.22955
     2.59241     0.00074     0.00057     1.05800     1.05930
     2.60241     0.00066     0.00049     0.99630     0.99745
     2.61241     0.00066     0.00043     1.04900     1.05009
     2.62241     0.00072     0.00039     1.19000     1.19111
     2.63241     0.00082     0.00034     1.36900     1.37016
     2.64241     0.00090     0.00030     1.52500     1.52620
     2.65241     0.00094     0.00027     1.60600     1.60721
     2.66241     0.00093     0.00025     1.58200     1.58317
     2.67241     0.00084     0.00026     1.45200     1.45310
     2.68241     0.00071     0.00032     1.24300     1.24403
     2.69241     0.00056     0.00046     0.99410     0.99511
     2.70241     0.00041     0.00069     0.74650     0.74760
     2.71241     0.00028     0.00106     0.52990     0.53124
     2.72241     0.00018     0.00159     0.35860     0.36037
     2.73241     0.00011     0.00230     0.23400     0.23640
     2.74241     0.00007     0.00316     0.14940     0.15263
     2.75241     0.00004     0.00415     0.09543     0.09962
     2.76241     0.00003     0.00515     0.06356     0.06874
     2.77241     0.00003     0.00603     0.04744     0.05350
     2.78241     0.00003     0.00664     0.04311     0.04979
     2.79241     0.00004     0.00687     0.04845     0.05536
     2.80241     0.00006     0.00668     0.06239     0.06913
     2.81241     0.00008     0.00614     0.08409     0.09031
     2.82241     0.00010     0.00538     0.11230     0.11778
     2.83241     0.00012     0.00456     0.14490     0.14958
     2.84241     0.00014     0.00382     0.17960     0.18357
     2.85241     0.00016     0.00324     0.21410     0.21750
     2.86241     0.00017     0.00283     0.24720     0.25020
     2.87241     0.00018     0.00255     0.27820     0.28092
     2.88241     0.00018     0.00234     0.30690     0.30942
     2.89241     0.00018     0.00216     0.33200     0.33434
     2.90241     0.00018     0.00198     0.35130     0.35346
     2.91341     0.00017     0.00179     0.36210     0.36407
     2.92341     0.00017     0.00161     0.36260     0.36438
     2.93341     0.00016     0.00147     0.35290     0.35453
     2.94341     0.00016     0.00140     0.33550     0.33706
     2.95341     0.00015     0.00144     0.31320     0.31479
     2.96341     0.00014     0.00160     0.28870     0.29044
     2.97341     0.00013     0.00186     0.26290     0.26489
     2.98341     0.00012     0.00220     0.23600     0.23832
     2.99341     0.00010     0.00254     0.20790     0.21054
     3.00341     0.00008     0.00282     0.17950     0.18240
     3.01341     0.00006     0.00299     0.15300     0.15605
     3.02341     0.00005     0.00303     0.13160     0.13468
     3.03341     0.00004     0.00298     0.11800     0.12102
     3.04341     0.00003     0.00287     0.11460     0.11750
     3.05341     0.00003     0.00274     0.12180     0.12458
     3.06341     0.00004     0.00263     0.13900     0.14167
     3.07341     0.00005     0.00253     0.16360     0.16618
     3.08341     0.00006     0.00244     0.19230     0.19480
     3.09341     0.00008     0.00231     0.22100     0.22339
     3.10341     0.00011     0.00215     0.24570     0.24795
     3.11341     0.00013     0.00194     0.26280     0.26487
     3.12341     0.00015     0.00171     0.27000     0.27186
     3.13341     0.00017     0.00147     0.26610     0.26774
     3.14341     0.00019     0.00124     0.25130     0.25273
     3.15341     0.00019     0.00104     0.22720     0.22843
     3.16341     0.00018     0.00088     0.19660     0.19766
     3.17341     0.00016     0.00075     0.16270     0.16362
     3.18341     0.00014     0.00066     0.12910     0.12991
     3.19341     0.00012     0.00060     0.09851     0.09923
     3.20341     0.00010     0.00055     0.07288     0.07352
     3.21341     0.00008     0.00050     0.05278     0.05335
     3.22341     0.00006     0.00044     0.03790     0.03840
     3.23341     0.00004     0.00038     0.02744     0.02787
     3.24341     0.00003     0.00033     0.02053     0.02090
     3.25341     0.00002     0.00030     0.01643     0.01676
     3.26341     0.00002     0.00032     0.01456     0.01489
     3.27341     0.00001     0.00039     0.01453     0.01493
     3.28341     0.00001     0.00054     0.01602     0.01657
     3.29341     0.00001     0.00079     0.01891     0.01971
     3.30341     0.00001     0.00115     0.02324     0.02440
     3.31341     0.00001     0.00160     0.02925     0.03086
     3.32341     0.00001     0.00211     0.03718     0.03930
     3.33341     0.00002     0.00261     0.04701     0.04964
     3.34341     0.00003     0.00301     0.05825     0.06129
     3.35341     0.00004     0.00326     0.06982     0.07312
     3.36341     0.00004     0.00331     0.08017     0.08352
     3.37341     0.00005     0.00316     0.08764     0.09085
     3.38341     0.00005     0.00287     0.09095     0.09387
     3.39341     0.00005     0.00253     0.08963     0.09222
     3.40341     0.00005     0.00225     0.08426     0.08657
     3.41341     0.00005     0.00213     0.07638     0.07855
     3.42341     0.00004     0.00221     0.06810     0.07035
     3.43341     0.00004     0.00252     0.06146     0.06402
     3.44341     0.00003     0.00301     0.05789     0.06093
     3.45341     0.00003     0.00356     0.05781     0.06140
     3.46341     0.00003     0.00405     0.06065     0.06473
     3.47341     0.00003     0.00434     0.06507     0.06944
     3.48341     0.00002     0.00436     0.06942     0.07381
     3.49341     0.00002     0.00410     0.07224     0.07636
     3.50341     0.00002     0.00360     0.07263     0.07625
     3.51341     0.00002     0.00297     0.07056     0.07355
     3.52341     0.00002     0.00233     0.06701     0.06936
     3.53341     0.00002     0.00177     0.06393     0.06572
     3.54341     0.00003     0.00135     0.06385     0.06523
     3.55341     0.00004     0.00111     0.06923     0.07038
     3.56341     0.00006     0.00105     0.08153     0.08264
     3.57341     0.00008     0.00116     0.10040     0.10164
     3.58341     0.00011     0.00138     0.12350     0.12499
     3.59341     0.00013     0.00169     0.14640     0.14822
     3.60341     0.00015     0.00205     0.16420     0.16641
     3.61341     0.00017     0.00247     0.17280     0.17543
     3.62341     0.00017     0.00298     0.17030     0.17345
     3.63341     0.00016     0.00370     0.15780     0.16167
     3.64341     0.00015     0.00476     0.13870     0.14361
     3.65341     0.00012     0.00629     0.11810     0.12451
     3.66341     0.00010     0.00832     0.10070     0.10912
     3.67341     0.00008     0.01078     0.08979     0.10065
     3.68341     0.00006     0.01339     0.08678     0.10023
     3.69341     0.00005     0.01577     0.09114     0.10696
     3.70341     0.00004     0.01748     0.10120     0.11872
     3.71341     0.00004     0.01820     0.11480     0.13304
     3.72341     0.00005     0.01780     0.13050     0.14835
     3.73341     0.00006     0.01640     0.14720     0.16366
     3.74341     0.00007     0.01430     0.16420     0.17857
     3.75341     0.00009     0.01188     0.18010     0.19207
     3.76341     0.00010     0.00948     0.19260     0.20218
     3.77341     0.00011     0.00734     0.19900     0.20644
     3.78341     0.00011     0.00556     0.19670     0.20236
     3.79341     0.00010     0.00415     0.18450     0.18876
     3.80341     0.00009     0.00309     0.16350     0.16668
     3.81341     0.00008     0.00230     0.13640     0.13878
     3.82341     0.00007     0.00173     0.10750     0.10930
     3.83341     0.00006     0.00137     0.08037     0.08180
     3.84341     0.00005     0.00120     0.05801     0.05926
     3.85341     0.00004     0.00124     0.04193     0.04320
     3.86341     0.00003     0.00149     0.03250     0.03402
     3.87341     0.00003     0.00198     0.02932     0.03132
     3.88341     0.00002     0.00269     0.03148     0.03419
     3.89341     0.00002     0.00357     0.03774     0.04133
     3.90341     0.00003     0.00451     0.04657     0.05111
     3.91441     0.00004     0.00538     0.05627     0.06168
     3.92441     0.00005     0.00602     0.06509     0.07116
     3.93441     0.00006     0.00634     0.07156     0.07796
     3.94441     0.00007     0.00628     0.07476     0.08111
     3.95441     0.00008     0.00587     0.07459     0.08054
     3.96441     0.00008     0.00520     0.07185     0.07713
     3.97441     0.00008     0.00440     0.06823     0.07271
     3.98441     0.00007     0.00360     0.06595     0.06962
     3.99441     0.00007     0.00293     0.06718     0.07018
     4.00441     0.00006     0.00247     0.07330     0.07582
     4.01441     0.00005     0.00224     0.08423     0.08652
     4.02441     0.00005     0.00224     0.09814     0.10042
     4.03441     0.00004     0.00239     0.11180     0.11424
     4.04441     0.00004     0.00262     0.12150     0.12417
     4.05441     0.00004     0.00285     0.12430     0.12719
     4.06441     0.00004     0.00301     0.11900     0.12205
     4.07441     0.00004     0.00307     0.10670     0.10981
     4.08441     0.00003     0.00304     0.09033     0.09341
     4.09441     0.00003     0.00298     0.07364     0.07665
     4.10441     0.00002     0.00296     0.06019     0.06318
     4.11441     0.00002     0.00307     0.05236     0.05545
     4.12441     0.00002     0.00338     0.05100     0.05440
     4.13441     0.00002     0.00393     0.05535     0.05930
     4.14441     0.00002     0.00471     0.06347     0.06820
     4.15441     0.00003     0.00563     0.07274     0.07840
     4.16441     0.00003     0.00659     0.08060     0.08722
     4.17441     0.00003     0.00743     0.08512     0.09259
     4.18441     0.00003     0.00803     0.08551     0.09357
     4.19441     0.00004     0.00829     0.08224     0.09057
     4.20441     0.00004     0.00822     0.07685     0.08511
     4.21441     0.00005     0.00791     0.07141     0.07937
     4.22441     0.00007     0.00750     0.06796     0.07553
     4.23441     0.00008     0.00717     0.06787     0.07512
     4.24441     0.00010     0.00702     0.07150     0.07863
     4.25441     0.00012     0.00710     0.07826     0.08548
     4.26441     0.00013     0.00731     0.08719     0.09463
     4.27441     0.00013     0.00754     0.09801     0.10568
     4.28441     0.00012     0.00769     0.11260     0.12041
     4.29441     0.00011     0.00778     0.13650     0.14439
     4.30441     0.00009     0.00796     0.17980     0.18785
     4.31441     0.00007     0.00848     0.25800     0.26656
     4.32441     0.00006     0.00965     0.39180     0.40151
     4.33441     0.00005     0.01160     0.60620     0.61785
     4.34441     0.00004     0.01429     0.92930     0.94363
     4.35441     0.00004     0.01734     1.38900     1.40638
     4.36441     0.00004     0.02018     2.00700     2.02722
     4.37441     0.00004     0.02219     2.78700     2.80923
     4.38441     0.00005     0.02291     3.69900     3.72196
     4.39441     0.00005     0.02219     4.67200     4.69424
     4.40441     0.00006     0.02023     5.58500     5.60529
     4.41441     0.00007     0.01751     6.29300     6.31058
     4.42441     0.00008     0.01457     6.66000     6.67465
     4.43441     0.00011     0.01183     6.60500     6.61694
     4.44441     0.00014     0.00957     6.13000     6.13971
     4.45441     0.00017     0.00786     5.32400     5.33203
     4.46441     0.00021     0.00664     4.33400     4.34085
     4.47441     0.00024     0.00583     3.32000     3.32607
     4.48441     0.00027     0.00531     2.41100     2.41658
     4.49441     0.00029     0.00502     1.68100     1.68630
     4.50441     0.00030     0.00489     1.15000     1.15520
     4.51441     0.00031     0.00490     0.79660     0.80181
     4.52441     0.00032     0.00500     0.57820     0.58352
     4.53441     0.00033     0.00514     0.45000     0.45548
     4.54441     0.00036     0.00527     0.37480     0.38043
     4.55441     0.00039     0.00534     0.32710     0.33283
     4.56441     0.00043     0.00529     0.29180     0.29752
     4.57441     0.00048     0.00511     0.26170     0.26728
     4.58441     0.00050     0.00479     0.23350     0.23879
     4.59441     0.00050     0.00437     0.20620     0.21108
     4.60441     0.00048     0.00394     0.17970     0.18412
     4.61441     0.00042     0.00360     0.15410     0.15812
     4.62441     0.00035     0.00348     0.12990     0.13374
     4.63441     0.00028     0.00372     0.10770     0.11170
     4.64441     0.00021     0.00439     0.08867     0.09327
     4.65441     0.00016     0.00551     0.07354     0.07921
     4.66441     0.00013     0.00701     0.06299     0.07013
     4.67441     0.00012     0.00874     0.05719     0.06604
     4.68441     0.00012     0.01050     0.05574     0.06636
     4.69441     0.00014     0.01214     0.05770     0.06998
     4.70441     0.00017     0.01356     0.06177     0.07550
     4.71441     0.00021     0.01475     0.06655     0.08151
     4.72441     0.00025     0.01578     0.07081     0.08684
     4.73441     0.00030     0.01670     0.07375     0.09075
     4.74441     0.00034     0.01754     0.07507     0.09295
     4.75441     0.00038     0.01825     0.07487     0.09350
     4.76441     0.00041     0.01875     0.07353     0.09269
     4.77441     0.00043     0.01897     0.07137     0.09077
     4.78441     0.00044     0.01891     0.06858     0.08793
     4.79441     0.00044     0.01867     0.06512     0.08423
     4.80441     0.00042     0.01848     0.06089     0.07979
     4.81441     0.00039     0.01864     0.05591     0.07494
     4.82441     0.00035     0.01941     0.05046     0.07022
     4.83441     0.00030     0.02095     0.04507     0.06632
     4.84441     0.00026     0.02315     0.04039     0.06380
     4.85441     0.00022     0.02564     0.03699     0.06285
     4.86441     0.00019     0.02780     0.03516     0.06315
     4.87441     0.00016     0.02900     0.03489     0.06405
     4.88441     0.00015     0.02875     0.03595     0.06485
     4.89441     0.00013     0.02688     0.03793     0.06494
     4.90441     0.00011     0.02363     0.04034     0.06408
     4.91541     0.00010     0.01951     0.04259     0.06220
     4.92541     0.00008     0.01514     0.04406     0.05928
     4.93541     0.00007     0.01109     0.04411     0.05527
     4.94541     0.00006     0.00777     0.04231     0.05014
     4.95541     0.00005     0.00535     0.03856     0.04396
     4.96541     0.00005     0.00391     0.03325     0.03721
     4.97541     0.00004     0.00345     0.02713     0.03062
     4.98541     0.00005     0.00396     0.02110     0.02510
     4.99541     0.00005     0.00543     0.01598     0.02146
     5.00541     0.00007     0.00781     0.01226     0.02014
     5.01541     0.00008     0.01095     0.01004     0.02107
     5.02541     0.00010     0.01454     0.00907     0.02371
     5.03541     0.00011     0.01813     0.00894     0.02718
     5.04541     0.00012     0.02124     0.00918     0.03054
     5.05541     0.00013     0.02345     0.00944     0.03302
     5.06541     0.00012     0.02454     0.00955     0.03422
     5.07541     0.00011     0.02453     0.00953     0.03417
     5.08541     0.00011     0.02364     0.00951     0.03326
     5.09541     0.00011     0.02222     0.00976     0.03209
     5.10541     0.00013     0.02063     0.01057     0.03132
     5.11541     0.00016     0.01922     0.01226     0.03164
     5.12541     0.00023     0.01828     0.01508     0.03359
     5.13541     0.00031     0.01796     0.01924     0.03751
     5.14541     0.00042     0.01831     0.02486     0.04359
     5.15541     0.00054     0.01925     0.03205     0.05184
     5.16541     0.00067     0.02060     0.04094     0.06221
     5.17541     0.00079     0.02212     0.05178     0.07469
     5.18541     0.00092     0.02358     0.06489     0.08939
     5.19541     0.00105     0.02481     0.08058     0.10644
     5.20541     0.00118     0.02566     0.09900     0.12584
     5.21541     0.00132     0.02606     0.12000     0.14738
     5.22541     0.00144     0.02595     0.14290     0.17029
     5.23541     0.00153     0.02532     0.16670     0.19355
     5.24541     0.00157     0.02420     0.18960     0.21537
     5.25541     0.00155     0.02276     0.20940     0.23371
     5.26541     0.00146     0.02128     0.22340     0.24614
     5.27541     0.00131     0.02014     0.22900     0.25045
     5.28541     0.00113     0.01975     0.22450     0.24538
     5.29541     0.00094     0.02046     0.20980     0.23120
     5.30541     0.00075     0.02242     0.18660     0.20977
     5.31541     0.00058     0.02545     0.15800     0.18403
     5.32541     0.00044     0.02908     0.12800     0.15752
     5.33541     0.00033     0.03255     0.09982     0.13270
     5.34541     0.00026     0.03507     0.07588     0.11121
     5.35541     0.00021     0.03598     0.05703     0.09322
     5.36541     0.00018     0.03502     0.04307     0.07827
     5.37541     0.00016     0.03238     0.03318     0.06572
     5.38541     0.00016     0.02862     0.02642     0.05520
     5.39541     0.00017     0.02456     0.02197     0.04670
     5.40541     0.00019     0.02094     0.01923     0.04036
     5.41541     0.00021     0.01828     0.01771     0.03620
     5.42541     0.00024     0.01676     0.01705     0.03405
     5.43541     0.00027     0.01626     0.01692     0.03345
     5.44541     0.00030     0.01647     0.01707     0.03384
     5.45541     0.00033     0.01698     0.01736     0.03467
     5.46541     0.00036     0.01743     0.01775     0.03554
     5.47541     0.00038     0.01758     0.01833     0.03629
     5.48541     0.00041     0.01726     0.01924     0.03691
     5.49541     0.00046     0.01642     0.02061     0.03749
     5.50541     0.00052     0.01514     0.02256     0.03822
     5.51541     0.00061     0.01353     0.02510     0.03924
     5.52541     0.00072     0.01180     0.02811     0.04063
     5.53541     0.00086     0.01010     0.03136     0.04232
     5.54541     0.00102     0.00860     0.03451     0.04413
     5.55541     0.00118     0.00738     0.03718     0.04574
     5.56541     0.00132     0.00651     0.03901     0.04684
     5.57541     0.00141     0.00602     0.03974     0.04717
     5.58541     0.00144     0.00594     0.03923     0.04661
     5.59541     0.00139     0.00629     0.03751     0.04519
     5.60541     0.00128     0.00708     0.03473     0.04309
     5.61541     0.00112     0.00826     0.03120     0.04058
     5.62541     0.00094     0.00977     0.02733     0.03804
     5.63541     0.00077     0.01148     0.02360     0.03585
     5.64541     0.00063     0.01321     0.02051     0.03435
     5.65541     0.00054     0.01480     0.01847     0.03381
     5.66541     0.00050     0.01614     0.01777     0.03441
     5.67541     0.00051     0.01717     0.01856     0.03624
     5.68541     0.00056     0.01794     0.02087     0.03937
     5.69541     0.00064     0.01852     0.02451     0.04367
     5.70541     0.00073     0.01900     0.02913     0.04886
     5.71541     0.00082     0.01943     0.03412     0.05437
     5.72541     0.00088     0.01986     0.03872     0.05946
     5.73541     0.00090     0.02031     0.04212     0.06333
     5.74541     0.00089     0.02078     0.04368     0.06535
     5.75541     0.00085     0.02128     0.04312     0.06525
     5.76541     0.00079     0.02177     0.04058     0.06314
     5.77541     0.00074     0.02216     0.03658     0.05948
     5.78541     0.00070     0.02233     0.03187     0.05490
     5.79541     0.00068     0.02217     0.02716     0.05001
     5.80541     0.00069     0.02161     0.02296     0.04526
     5.81541     0.00071     0.02067     0.01953     0.04091
     5.82541     0.00073     0.01948     0.01692     0.03713
     5.83541     0.00074     0.01823     0.01509     0.03406
     5.84541     0.00075     0.01719     0.01395     0.03189
     5.85541     0.00074     0.01660     0.01351     0.03085
     5.86541     0.00073     0.01664     0.01378     0.03115
     5.87541     0.00072     0.01734     0.01479     0.03285
     5.88541     0.00071     0.01856     0.01645     0.03572
     5.89541     0.00071     0.02003     0.01855     0.03929
     5.90541     0.00072     0.02135     0.02074     0.04281
     5.91641     0.00071     0.02216     0.02262     0.04549
     5.92641     0.00070     0.02215     0.02381     0.04666
     5.93641     0.00067     0.02123     0.02411     0.04601
     5.94641     0.00062     0.01950     0.02357     0.04369
     5.95641     0.00058     0.01723     0.02244     0.04025
     5.96641     0.00054     0.01484     0.02115     0.03653
     5.97641     0.00053     0.01274     0.02016     0.03343
     5.98641     0.00057     0.01126     0.01984     0.03167
     5.99641     0.00066     0.01055     0.02043     0.03164
     6.00641     0.00082     0.01058     0.02203     0.03343
     6.01641     0.00105     0.01120     0.02459     0.03684
     6.02641     0.00135     0.01217     0.02796     0.04148
     6.03641     0.00169     0.01329     0.03182     0.04680
     6.04641     0.00205     0.01442     0.03576     0.05223
     6.05641     0.00238     0.01551     0.03928     0.05717
     6.06641     0.00263     0.01656     0.04193     0.06112
     6.07641     0.00278     0.01762     0.04343     0.06383
     6.08641     0.00280     0.01878     0.04381     0.06539
     6.09641     0.00271     0.02011     0.04345     0.06627
     6.10641     0.00255     0.02167     0.04295     0.06717
     6.11641     0.00236     0.02348     0.04296     0.06880
     6.12641     0.00219     0.02552     0.04394     0.07165
     6.13641     0.00206     0.02769     0.04595     0.07570
     6.14641     0.00201     0.02982     0.04861     0.08045
     6.15641     0.00204     0.03169     0.05127     0.08500
     6.16641     0.00212     0.03305     0.05318     0.08835
     6.17641     0.00226     0.03370     0.05383     0.08979
     6.18641     0.00243     0.03354     0.05311     0.08908
     6.19641     0.00263     0.03258     0.05135     0.08656
     6.20641     0.00287     0.03098     0.04919     0.08304
     6.21641     0.00315     0.02900     0.04733     0.07948
     6.22641     0.00347     0.02691     0.04631     0.07669
     6.23641     0.00383     0.02495     0.04637     0.07515
     6.24641     0.00418     0.02336     0.04744     0.07498
     6.25641     0.00449     0.02228     0.04918     0.07595
     6.26641     0.00471     0.02185     0.05108     0.07764
     6.27641     0.00480     0.02212     0.05258     0.07950
     6.28641     0.00472     0.02311     0.05316     0.08099
     6.29641     0.00447     0.02478     0.05245     0.08169
     6.30641     0.00406     0.02699     0.05033     0.08138
     6.31641     0.00353     0.02955     0.04697     0.08006
     6.32641     0.00295     0.03216     0.04278     0.07789
     6.33641     0.00237     0.03451     0.03828     0.07516
     6.34641     0.00184     0.03636     0.03398     0.07218
     6.35641     0.00140     0.03756     0.03022     0.06918
     6.36641     0.00105     0.03814     0.02708     0.06627
     6.37641     0.00080     0.03823     0.02450     0.06353
     6.38641     0.00063     0.03799     0.02230     0.06092
     6.39641     0.00052     0.03746     0.02033     0.05831
     6.40641     0.00046     0.03663     0.01857     0.05566
     6.41641     0.00043     0.03544     0.01709     0.05296
     6.42641     0.00044     0.03389     0.01601     0.05034
     6.43641     0.00047     0.03209     0.01537     0.04793
     6.44641     0.00052     0.03018     0.01512     0.04582
     6.45641     0.00057     0.02834     0.01511     0.04402
     6.46641     0.00061     0.02666     0.01518     0.04245
     6.47641     0.00062     0.02515     0.01527     0.04104
     6.48641     0.00060     0.02378     0.01543     0.03981
     6.49641     0.00056     0.02249     0.01579     0.03884
     6.50641     0.00052     0.02117     0.01647     0.03816
     6.51641     0.00048     0.01975     0.01746     0.03769
     6.52641     0.00046     0.01816     0.01853     0.03715
     6.53641     0.00046     0.01642     0.01936     0.03624
     6.54641     0.00047     0.01462     0.01960     0.03469
     6.55641     0.00049     0.01297     0.01904     0.03250
     6.56641     0.00052     0.01171     0.01767     0.02990
     6.57641     0.00055     0.01109     0.01575     0.02739
     6.58641     0.00058     0.01130     0.01365     0.02553
     6.59641     0.00062     0.01236     0.01181     0.02479
     6.60641     0.00068     0.01413     0.01060     0.02541
     6.61641     0.00079     0.01630     0.01027     0.02736
     6.62641     0.00095     0.01848     0.01093     0.03036
     6.63641     0.00118     0.02032     0.01256     0.03406
     6.64641     0.00147     0.02160     0.01501     0.03809
     6.65641     0.00183     0.02234     0.01804     0.04221
     6.66641     0.00222     0.02270     0.02136     0.04629
     6.67641     0.00264     0.02294     0.02470     0.05028
     6.68641     0.00306     0.02324     0.02781     0.05411
     6.69641     0.00347     0.02362     0.03054     0.05763
     6.70641     0.00385     0.02394     0.03275     0.06054
     6.71641     0.00417     0.02390     0.03428     0.06235
     6.72641     0.00439     0.02326     0.03497     0.06263
     6.73641     0.00448     0.02187     0.03468     0.06103
     6.74641     0.00440     0.01982     0.03341     0.05763
     6.75641     0.00421     0.01737     0.03138     0.05296
     6.76641     0.00396     0.01488     0.02902     0.04787
     6.77641     0.00377     0.01269     0.02693     0.04339
     6.78641     0.00371     0.01107     0.02564     0.04042
     6.79641     0.00383     0.01011     0.02545     0.03939
     6.80641     0.00411     0.00972     0.02633     0.04016
     6.81641     0.00446     0.00969     0.02792     0.04207
     6.82641     0.00477     0.00975     0.02962     0.04414
     6.83641     0.00492     0.00966     0.03083     0.04541
     6.84641     0.00485     0.00925     0.03113     0.04523
     6.85641     0.00454     0.00853     0.03043     0.04350
     6.86641     0.00407     0.00759     0.02897     0.04063
     6.87641     0.00351     0.00661     0.02720     0.03732
     6.88641     0.00296     0.00574     0.02572     0.03442
     6.89641     0.00251     0.00509     0.02505     0.03264
     6.90641     0.00217     0.00467     0.02559     0.03243
     6.91741     0.00197     0.00447     0.02754     0.03398
     6.92741     0.00186     0.00446     0.03083     0.03714
     6.93741     0.00181     0.00457     0.03511     0.04149
     6.94741     0.00178     0.00478     0.03970     0.04627
     6.95741     0.00175     0.00510     0.04372     0.05057
     6.96741     0.00169     0.00555     0.04628     0.05352
     6.97741     0.00160     0.00627     0.04670     0.05457
     6.98741     0.00148     0.00751     0.04479     0.05378
     6.99741     0.00135     0.00963     0.04095     0.05193
     7.00741     0.00125     0.01302     0.03603     0.05030
     7.01741     0.00122     0.01797     0.03108     0.05027
     7.02741     0.00127     0.02448     0.02697     0.05272
     7.03741     0.00143     0.03207     0.02417     0.05767
     7.04741     0.00169     0.03982     0.02270     0.06421
     7.05741     0.00205     0.04651     0.02224     0.07080
     7.06741     0.00251     0.05096     0.02239     0.07586
     7.07741     0.00308     0.05245     0.02281     0.07834
     7.08741     0.00376     0.05088     0.02340     0.07804
     7.09741     0.00461     0.04685     0.02425     0.07571
     7.10741     0.00566     0.04139     0.02555     0.07260
     7.11741     0.00691     0.03557     0.02749     0.06997
     7.12741     0.00834     0.03020     0.03013     0.06867
     7.13741     0.00985     0.02572     0.03332     0.06889
     7.14741     0.01129     0.02221     0.03668     0.07018
     7.15741     0.01245     0.01958     0.03974     0.07177
     7.16741     0.01318     0.01770     0.04202     0.07290
     7.17741     0.01336     0.01645     0.04318     0.07299
     7.18741     0.01300     0.01572     0.04311     0.07183
     7.19741     0.01219     0.01535     0.04190     0.06944
     7.20741     0.01110     0.01515     0.03982     0.06607
     7.21741     0.00988     0.01491     0.03718     0.06197
     7.22741     0.00869     0.01446     0.03430     0.05745
     7.23741     0.00759     0.01374     0.03143     0.05276
     7.24741     0.00663     0.01284     0.02876     0.04823
     7.25741     0.00579     0.01197     0.02645     0.04421
     7.26741     0.00503     0.01141     0.02455     0.04099
     7.27741     0.00434     0.01143     0.02310     0.03887
     7.28741     0.00369     0.01224     0.02211     0.03804
     7.29741     0.00309     0.01394     0.02156     0.03858
     7.30741     0.00252     0.01647     0.02140     0.04040
     7.31741     0.00203     0.01962     0.02151     0.04316
     7.32741     0.00162     0.02305     0.02174     0.04641
     7.33741     0.00131     0.02643     0.02187     0.04961
     7.34741     0.00110     0.02948     0.02168     0.05226
     7.35741     0.00098     0.03213     0.02102     0.05413
     7.36741     0.00096     0.03451     0.01986     0.05533
     7.37741     0.00103     0.03682     0.01830     0.05615
     7.38741     0.00123     0.03922     0.01659     0.05704
     7.39741     0.00159     0.04166     0.01505     0.05830
     7.40741     0.00218     0.04387     0.01403     0.06008
     7.41741     0.00309     0.04545     0.01381     0.06235
     7.42741     0.00438     0.04607     0.01463     0.06508
     7.43741     0.00609     0.04558     0.01656     0.06823
     7.44741     0.00816     0.04403     0.01954     0.07173
     7.45741     0.01048     0.04159     0.02335     0.07542
     7.46741     0.01284     0.03847     0.02766     0.07897
     7.47741     0.01501     0.03481     0.03207     0.08189
     7.48741     0.01681     0.03077     0.03624     0.08382
     7.49741     0.01814     0.02651     0.03991     0.08456
     7.50741     0.01899     0.02229     0.04293     0.08421
     7.51741     0.01944     0.01843     0.04524     0.08311
     7.52741     0.01962     0.01521     0.04681     0.08164
     7.53741     0.01964     0.01282     0.04762     0.08008
     7.54741     0.01954     0.01130     0.04765     0.07849
     7.55741     0.01931     0.01059     0.04689     0.07679
     7.56741     0.01891     0.01053     0.04536     0.07480
     7.57741     0.01823     0.01097     0.04308     0.07228
     7.58741     0.01723     0.01182     0.04009     0.06914
     7.59741     0.01589     0.01307     0.03649     0.06545
     7.60741     0.01427     0.01473     0.03246     0.06146
     7.61741     0.01252     0.01684     0.02828     0.05764
     7.62741     0.01080     0.01941     0.02431     0.05452
     7.63741     0.00930     0.02239     0.02091     0.05260
     7.64741     0.00817     0.02567     0.01843     0.05227
     7.65741     0.00750     0.02913     0.01708     0.05371
     7.66741     0.00732     0.03261     0.01696     0.05689
     7.67741     0.00758     0.03596     0.01797     0.06151
     7.68741     0.00816     0.03893     0.01988     0.06697
     7.69741     0.00891     0.04126     0.02235     0.07252
     7.70741     0.00965     0.04264     0.02497     0.07726
     7.71741     0.01022     0.04285     0.02734     0.08041
     7.72741     0.01051     0.04178     0.02912     0.08141
     7.73741     0.01047     0.03953     0.03007     0.08007
     7.74741     0.01012     0.03634     0.03008     0.07654
     7.75741     0.00952     0.03252     0.02916     0.07120
     7.76741     0.00873     0.02846     0.02745     0.06464
     7.77741     0.00786     0.02448     0.02519     0.05753
     7.78741     0.00697     0.02086     0.02268     0.05051
     7.79741     0.00615     0.01776     0.02022     0.04412
     7.80741     0.00542     0.01526     0.01806     0.03874
     7.81741     0.00483     0.01335     0.01640     0.03458
     7.82741     0.00438     0.01202     0.01533     0.03173
     7.83741     0.00403     0.01126     0.01483     0.03012
     7.84741     0.00375     0.01114     0.01481     0.02970
     7.85741     0.00349     0.01176     0.01513     0.03038
     7.86741     0.00323     0.01327     0.01563     0.03213
     7.87741     0.00295     0.01571     0.01615     0.03481
     7.88741     0.00266     0.01900     0.01654     0.03820
     7.89741     0.00238     0.02285     0.01667     0.04190
     7.90741     0.00211     0.02677     0.01642     0.04530
     7.91841     0.00187     0.03019     0.01571     0.04777
     7.92841     0.00164     0.03262     0.01454     0.04880
     7.93841     0.00144     0.03380     0.01298     0.04822
     7.94841     0.00127     0.03385     0.01124     0.04636
     7.95841     0.00116     0.03322     0.00959     0.04396
     7.96841     0.00115     0.03260     0.00830     0.04205
     7.97841     0.00132     0.03272     0.00762     0.04166
     7.98841     0.00172     0.03406     0.00767     0.04345
     7.99841     0.00241     0.03672     0.00845     0.04758
     8.00841     0.00347     0.04035     0.00982     0.05364
     8.01841     0.00494     0.04425     0.01155     0.06074
     8.02841     0.00685     0.04759     0.01339     0.06784
     8.03841     0.00925     0.04975     0.01516     0.07416
     8.04841     0.01213     0.05049     0.01676     0.07938
     8.05841     0.01545     0.04994     0.01822     0.08361
     8.06841     0.01913     0.04853     0.01965     0.08731
     8.07841     0.02297     0.04671     0.02115     0.09083
     8.08841     0.02674     0.04482     0.02281     0.09437
     8.09841     0.03015     0.04297     0.02459     0.09771
     8.10841     0.03292     0.04117     0.02638     0.10047
     8.11841     0.03484     0.03947     0.02801     0.10232
     8.12841     0.03582     0.03799     0.02930     0.10311
     8.13841     0.03590     0.03694     0.03015     0.10299
     8.14841     0.03522     0.03654     0.03052     0.10228
     8.15841     0.03401     0.03688     0.03045     0.10134
     8.16841     0.03249     0.03788     0.03006     0.10043
     8.17841     0.03080     0.03936     0.02946     0.09962
     8.18841     0.02905     0.04105     0.02873     0.09883
     8.19841     0.02727     0.04277     0.02792     0.09796
     8.20841     0.02547     0.04436     0.02701     0.09684
     8.21841     0.02367     0.04570     0.02597     0.09534
     8.22841     0.02189     0.04668     0.02471     0.09328
     8.23841     0.02015     0.04721     0.02319     0.09055
     8.24841     0.01842     0.04724     0.02137     0.08703
     8.25841     0.01667     0.04685     0.01928     0.08280
     8.26841     0.01490     0.04623     0.01701     0.07814
     8.27841     0.01313     0.04562     0.01472     0.07347
     8.28841     0.01144     0.04529     0.01257     0.06930
     8.29841     0.00992     0.04551     0.01075     0.06618
     8.30841     0.00868     0.04654     0.00943     0.06465
     8.31841     0.00779     0.04863     0.00873     0.06516
     8.32841     0.00732     0.05188     0.00875     0.06796
     8.33841     0.00734     0.05620     0.00951     0.07305
     8.34841     0.00795     0.06115     0.01094     0.08004
     8.35841     0.00929     0.06599     0.01290     0.08818
     8.36841     0.01151     0.06979     0.01513     0.09643
     8.37841     0.01464     0.07169     0.01732     0.10365
     8.38841     0.01856     0.07116     0.01913     0.10885
     8.39841     0.02293     0.06823     0.02033     0.11149
     8.40841     0.02714     0.06347     0.02081     0.11142
