     #Energy           s           p           d       tot  
    -1.59159  -318.44000  -692.10000     0.00000 -1010.54000
    -1.58159    -0.00036    -0.00654     0.00000    -0.00690
    -1.57159    -0.00048    -0.00695     0.00000    -0.00743
    -1.56159    -0.00079    -0.01012     0.00000    -0.01091
    -1.55159    -0.00133    -0.01629     0.00000    -0.01761
    -1.54159    -0.00210    -0.02559     0.00000    -0.02769
    -1.53159    -0.00310    -0.03768     0.00000    -0.04077
    -1.52159    -0.00423    -0.05153     0.00000    -0.05576
    -1.51159    -0.00534    -0.06541     0.00000    -0.07074
    -1.50159    -0.00624    -0.07722     0.00000    -0.08346
    -1.49159    -0.00677    -0.08534     0.00000    -0.09210
    -1.48159    -0.00684    -0.08925     0.00000    -0.09608
    -1.47159    -0.00649    -0.08991     0.00000    -0.09639
    -1.46159    -0.00585    -0.08946     0.00000    -0.09531
    -1.45159    -0.00513    -0.09039     0.00000    -0.09552
    -1.44159    -0.00448    -0.09447     0.00000    -0.09895
    -1.43159    -0.00402    -0.10208     0.00000    -0.10610
    -1.42159    -0.00375    -0.11231     0.00000    -0.11606
    -1.41159    -0.00362    -0.12345     0.00000    -0.12708
    -1.40159    -0.00356    -0.13381     0.00000    -0.13737
    -1.39159    -0.00350    -0.14225     0.00000    -0.14575
    -1.38159    -0.00340    -0.14807     0.00000    -0.15147
    -1.37159    -0.00325    -0.15058     0.00000    -0.15382
    -1.36159    -0.00304    -0.14888     0.00000    -0.15193
    -1.35159    -0.00277    -0.14205     0.00000    -0.14483
    -1.34159    -0.00244    -0.12959     0.00000    -0.13203
    -1.33159    -0.00207    -0.11220     0.00000    -0.11427
    -1.32159    -0.00168    -0.09186     0.00000    -0.09353
    -1.31159    -0.00132    -0.07145     0.00000    -0.07277
    -1.30159    -0.00106    -0.05418     0.00000    -0.05525
    -1.29159    -0.00097    -0.04284     0.00000    -0.04381
    -1.28159    -0.00110    -0.03935     0.00000    -0.04045
    -1.27159    -0.00151    -0.04467     0.00000    -0.04618
    -1.26159    -0.00226    -0.05872     0.00000    -0.06098
    -1.25159    -0.00337    -0.08039     0.00000    -0.08376
    -1.24159    -0.00489    -0.10756     0.00000    -0.11245
    -1.23159    -0.00681    -0.13736     0.00000    -0.14417
    -1.22159    -0.00914    -0.16681     0.00000    -0.17595
    -1.21159    -0.01183    -0.19344     0.00000    -0.20527
    -1.20159    -0.01481    -0.21583     0.00000    -0.23064
    -1.19159    -0.01791    -0.23357     0.00000    -0.25148
    -1.18159    -0.02089    -0.24709     0.00000    -0.26798
    -1.17159    -0.02346    -0.25666     0.00000    -0.28012
    -1.16159    -0.02534    -0.26224     0.00000    -0.28758
    -1.15159    -0.02627    -0.26321     0.00000    -0.28948
    -1.14159    -0.02614    -0.25893     0.00000    -0.28507
    -1.13159    -0.02492    -0.24833     0.00000    -0.27325
    -1.12159    -0.02277    -0.23125     0.00000    -0.25402
    -1.11159    -0.01990    -0.20798     0.00000    -0.22788
    -1.10159    -0.01663    -0.18001     0.00000    -0.19664
    -1.09059    -0.01328    -0.14946     0.00000    -0.16274
    -1.08059    -0.01013    -0.11936     0.00000    -0.12949
    -1.07059    -0.00747    -0.09275     0.00000    -0.10022
    -1.06059    -0.00545    -0.07231     0.00000    -0.07775
    -1.05059    -0.00413    -0.05971     0.00000    -0.06384
    -1.04059    -0.00348    -0.05531     0.00000    -0.05879
    -1.03059    -0.00337    -0.05793     0.00000    -0.06130
    -1.02059    -0.00361    -0.06513     0.00000    -0.06874
    -1.01059    -0.00400    -0.07358     0.00000    -0.07757
    -1.00059    -0.00430    -0.07993     0.00000    -0.08424
    -0.99059    -0.00438    -0.08165     0.00000    -0.08603
    -0.98059    -0.00416    -0.07760     0.00000    -0.08176
    -0.97059    -0.00366    -0.06832     0.00000    -0.07198
    -0.96059    -0.00298    -0.05563     0.00000    -0.05861
    -0.95059    -0.00224    -0.04185     0.00000    -0.04409
    -0.94059    -0.00156    -0.02909     0.00000    -0.03065
    -0.93059    -0.00100    -0.01868     0.00000    -0.01968
    -0.92059    -0.00060    -0.01113     0.00000    -0.01173
    -0.91059    -0.00034    -0.00625     0.00000    -0.00658
    -0.90059    -0.00020    -0.00356     0.00000    -0.00376
    -0.89059    -0.00016    -0.00262     0.00000    -0.00278
    -0.88059    -0.00022    -0.00325     0.00000    -0.00347
    -0.87059    -0.00040    -0.00562     0.00000    -0.00601
    -0.86059    -0.00073    -0.01022     0.00000    -0.01095
    -0.85059    -0.00127    -0.01768     0.00000    -0.01894
    -0.84059    -0.00204    -0.02840     0.00000    -0.03043
    -0.83059    -0.00302    -0.04217     0.00000    -0.04520
    -0.82059    -0.00415    -0.05784     0.00000    -0.06199
    -0.81059    -0.00525    -0.07328     0.00000    -0.07853
    -0.80059    -0.00615    -0.08572     0.00000    -0.09187
    -0.79059    -0.00664    -0.09260     0.00000    -0.09924
    -0.78059    -0.00662    -0.09237     0.00000    -0.09899
    -0.77059    -0.00610    -0.08510     0.00000    -0.09120
    -0.76059    -0.00519    -0.07240     0.00000    -0.07759
    -0.75059    -0.00408    -0.05688     0.00000    -0.06096
    -0.74059    -0.00296    -0.04126     0.00000    -0.04422
    -0.73059    -0.00198    -0.02764     0.00000    -0.02962
    -0.72059    -0.00123    -0.01710     0.00000    -0.01833
    -0.71059    -0.00070    -0.00977     0.00000    -0.01047
    -0.70059    -0.00037    -0.00515     0.00000    -0.00552
    -0.69059    -0.00018    -0.00251     0.00000    -0.00269
    -0.68059    -0.00008    -0.00113     0.00000    -0.00121
    -0.67059    -0.00003    -0.00047     0.00000    -0.00050
    -0.66059    -0.00001    -0.00018     0.00000    -0.00019
    -0.65059    -0.00000    -0.00006     0.00000    -0.00007
    -0.64059    -0.00000    -0.00002     0.00000    -0.00002
    -0.63059    -0.00000    -0.00001     0.00000    -0.00001
    -0.62059    -0.00000    -0.00000     0.00000    -0.00000
    -0.61059    -0.00000    -0.00001     0.00000    -0.00001
    -0.60059    -0.00000    -0.00002     0.00000    -0.00003
    -0.59059    -0.00001    -0.00007     0.00000    -0.00008
    -0.58059    -0.00001    -0.00021     0.00000    -0.00022
    -0.57059    -0.00004    -0.00056     0.00000    -0.00060
    -0.56059    -0.00009    -0.00137     0.00000    -0.00147
    -0.55059    -0.00021    -0.00311     0.00000    -0.00332
    -0.54059    -0.00045    -0.00651     0.00000    -0.00696
    -0.53059    -0.00086    -0.01258     0.00000    -0.01345
    -0.52059    -0.00154    -0.02247     0.00000    -0.02401
    -0.51059    -0.00254    -0.03704     0.00000    -0.03957
    -0.50059    -0.00386    -0.05638     0.00000    -0.06024
    -0.49059    -0.00543    -0.07926     0.00000    -0.08469
    -0.48059    -0.00705    -0.10291     0.00000    -0.10996
    -0.47059    -0.00845    -0.12339     0.00000    -0.13185
    -0.46059    -0.00936    -0.13671     0.00000    -0.14607
    -0.45059    -0.00958    -0.13990     0.00000    -0.14949
    -0.44059    -0.00908    -0.13265     0.00000    -0.14172
    -0.43059    -0.00798    -0.11695     0.00000    -0.12493
    -0.42059    -0.00657    -0.09703     0.00000    -0.10360
    -0.41059    -0.00518    -0.07808     0.00000    -0.08327
    -0.40059    -0.00413    -0.06493     0.00000    -0.06906
    -0.39059    -0.00362    -0.06110     0.00000    -0.06472
    -0.38059    -0.00374    -0.06824     0.00000    -0.07198
    -0.37059    -0.00445    -0.08580     0.00000    -0.09025
    -0.36059    -0.00558    -0.11099     0.00000    -0.11658
    -0.35059    -0.00689    -0.13921     0.00000    -0.14610
    -0.34059    -0.00806    -0.16489     0.00000    -0.17295
    -0.33059    -0.00884    -0.18296     0.00000    -0.19180
    -0.32059    -0.00905    -0.19036     0.00000    -0.19941
    -0.31059    -0.00870    -0.18698     0.00000    -0.19568
    -0.30059    -0.00790    -0.17543     0.00000    -0.18333
    -0.29059    -0.00689    -0.15973     0.00000    -0.16662
    -0.28059    -0.00585    -0.14358     0.00000    -0.14942
    -0.27059    -0.00492    -0.12896     0.00000    -0.13389
    -0.26059    -0.00415    -0.11590     0.00000    -0.12005
    -0.25059    -0.00350    -0.10314     0.00000    -0.10664
    -0.24059    -0.00291    -0.08941     0.00000    -0.09232
    -0.23059    -0.00235    -0.07422     0.00000    -0.07657
    -0.22059    -0.00182    -0.05824     0.00000    -0.06005
    -0.21059    -0.00132    -0.04280     0.00000    -0.04412
    -0.20059    -0.00090    -0.02928     0.00000    -0.03018
    -0.19059    -0.00057    -0.01860     0.00000    -0.01916
    -0.18059    -0.00033    -0.01093     0.00000    -0.01126
    -0.17059    -0.00018    -0.00594     0.00000    -0.00613
    -0.16059    -0.00009    -0.00299     0.00000    -0.00308
    -0.15059    -0.00004    -0.00139     0.00000    -0.00143
    -0.14059    -0.00002    -0.00059     0.00000    -0.00061
    -0.13059    -0.00001    -0.00024     0.00000    -0.00024
    -0.12059    -0.00000    -0.00009     0.00000    -0.00009
    -0.11059    -0.00000    -0.00003     0.00000    -0.00003
    -0.10059    -0.00000    -0.00001     0.00000    -0.00001
    -0.08959    -0.00000    -0.00000     0.00000    -0.00000
    -0.07959    -0.00000    -0.00000     0.00000    -0.00000
    -0.06959    -0.00000    -0.00000     0.00000    -0.00000
    -0.05959    -0.00000    -0.00000     0.00000    -0.00000
    -0.04959    -0.00000    -0.00000     0.00000    -0.00000
    -0.03959    -0.00000    -0.00000     0.00000    -0.00000
    -0.02959    -0.00000    -0.00000     0.00000    -0.00000
    -0.01959    -0.00000    -0.00000     0.00000    -0.00000
    -0.00959    -0.00000    -0.00000     0.00000    -0.00000
     0.00041    -0.00000    -0.00000     0.00000    -0.00000
     0.01041    -0.00000    -0.00000     0.00000    -0.00000
     0.02041    -0.00000    -0.00000     0.00000    -0.00000
     0.03041    -0.00000    -0.00000     0.00000    -0.00000
     0.04041    -0.00000    -0.00000     0.00000    -0.00000
     0.05041     0.00000     0.00000     0.00000     0.00000
     0.06041     0.00000     0.00000     0.00000     0.00000
     0.07041     0.00000     0.00000     0.00000     0.00000
     0.08041     0.00000     0.00000     0.00000     0.00000
     0.09041     0.00000     0.00000     0.00000     0.00000
     0.10041     0.00000     0.00000     0.00000     0.00000
     0.11041     0.00000     0.00000     0.00000     0.00000
     0.12041     0.00000     0.00000     0.00000     0.00000
     0.13041    -0.00000    -0.00000     0.00000    -0.00000
     0.14041    -0.00000    -0.00000     0.00000    -0.00000
     0.15041    -0.00000    -0.00000     0.00000    -0.00000
     0.16041    -0.00000    -0.00000     0.00000    -0.00000
     0.17041    -0.00000    -0.00000     0.00000    -0.00000
     0.18041    -0.00000    -0.00000     0.00000    -0.00000
     0.19041    -0.00000    -0.00000     0.00000    -0.00000
     0.20041    -0.00000    -0.00000     0.00000    -0.00000
     0.21041    -0.00000    -0.00000     0.00000    -0.00000
     0.22041    -0.00000    -0.00000     0.00000    -0.00000
     0.23041    -0.00000    -0.00000     0.00000    -0.00000
     0.24041    -0.00000    -0.00000     0.00000    -0.00000
     0.25041    -0.00000    -0.00000     0.00000    -0.00000
     0.26041    -0.00000    -0.00000     0.00000    -0.00000
     0.27041    -0.00000    -0.00000     0.00000    -0.00000
     0.28041    -0.00000    -0.00001     0.00000    -0.00001
     0.29041    -0.00000    -0.00004     0.00000    -0.00004
     0.30041    -0.00001    -0.00011     0.00000    -0.00012
     0.31041    -0.00002    -0.00029     0.00000    -0.00031
     0.32041    -0.00005    -0.00072     0.00000    -0.00077
     0.33041    -0.00012    -0.00164     0.00000    -0.00176
     0.34041    -0.00026    -0.00346     0.00000    -0.00372
     0.35041    -0.00051    -0.00676     0.00000    -0.00726
     0.36041    -0.00091    -0.01218     0.00000    -0.01309
     0.37041    -0.00152    -0.02027     0.00000    -0.02179
     0.38041    -0.00233    -0.03117     0.00000    -0.03350
     0.39041    -0.00331    -0.04425     0.00000    -0.04756
     0.40041    -0.00434    -0.05801     0.00000    -0.06235
     0.41041    -0.00525    -0.07025     0.00000    -0.07551
     0.42041    -0.00587    -0.07853     0.00000    -0.08441
     0.43041    -0.00606    -0.08108     0.00000    -0.08714
     0.44041    -0.00578    -0.07730     0.00000    -0.08308
     0.45041    -0.00509    -0.06807     0.00000    -0.07316
     0.46041    -0.00414    -0.05534     0.00000    -0.05948
     0.47041    -0.00311    -0.04154     0.00000    -0.04465
     0.48041    -0.00215    -0.02880     0.00000    -0.03096
     0.49041    -0.00138    -0.01845     0.00000    -0.01982
     0.50041    -0.00082    -0.01091     0.00000    -0.01172
     0.51041    -0.00045    -0.00596     0.00000    -0.00640
     0.52041    -0.00022    -0.00300     0.00000    -0.00323
     0.53041    -0.00010    -0.00140     0.00000    -0.00150
     0.54041    -0.00004    -0.00060     0.00000    -0.00065
     0.55041    -0.00002    -0.00024     0.00000    -0.00026
     0.56041    -0.00001    -0.00009     0.00000    -0.00009
     0.57041    -0.00000    -0.00003     0.00000    -0.00003
     0.58041    -0.00000    -0.00001     0.00000    -0.00001
     0.59041    -0.00000    -0.00001     0.00000    -0.00001
     0.60041    -0.00000    -0.00004     0.00000    -0.00004
     0.61041    -0.00000    -0.00010     0.00000    -0.00011
     0.62041    -0.00001    -0.00028     0.00000    -0.00029
     0.63041    -0.00003    -0.00069     0.00000    -0.00072
     0.64041    -0.00007    -0.00157     0.00000    -0.00164
     0.65041    -0.00014    -0.00333     0.00000    -0.00347
     0.66041    -0.00028    -0.00649     0.00000    -0.00677
     0.67041    -0.00050    -0.01170     0.00000    -0.01220
     0.68041    -0.00084    -0.01948     0.00000    -0.02032
     0.69041    -0.00129    -0.02997     0.00000    -0.03127
     0.70041    -0.00184    -0.04267     0.00000    -0.04451
     0.71041    -0.00243    -0.05627     0.00000    -0.05869
     0.72041    -0.00297    -0.06893     0.00000    -0.07190
     0.73041    -0.00340    -0.07885     0.00000    -0.08225
     0.74041    -0.00366    -0.08500     0.00000    -0.08866
     0.75041    -0.00378    -0.08775     0.00000    -0.09153
     0.76041    -0.00381    -0.08875     0.00000    -0.09256
     0.77041    -0.00388    -0.09043     0.00000    -0.09431
     0.78041    -0.00408    -0.09492     0.00000    -0.09900
     0.79041    -0.00446    -0.10311     0.00000    -0.10756
     0.80041    -0.00499    -0.11425     0.00000    -0.11924
     0.81041    -0.00560    -0.12635     0.00000    -0.13195
     0.82041    -0.00620    -0.13701     0.00000    -0.14321
     0.83041    -0.00669    -0.14423     0.00000    -0.15091
     0.84041    -0.00700    -0.14686     0.00000    -0.15386
     0.85041    -0.00712    -0.14471     0.00000    -0.15183
     0.86041    -0.00701    -0.13823     0.00000    -0.14524
     0.87041    -0.00671    -0.12841     0.00000    -0.13512
     0.88041    -0.00628    -0.11693     0.00000    -0.12321
     0.89041    -0.00589    -0.10627     0.00000    -0.11216
     0.90041    -0.00572    -0.09964     0.00000    -0.10536
     0.91141    -0.00599    -0.10038     0.00000    -0.10637
     0.92141    -0.00688    -0.11083     0.00000    -0.11772
     0.93141    -0.00843    -0.13137     0.00000    -0.13980
     0.94141    -0.01052    -0.15970     0.00000    -0.17022
     0.95141    -0.01283    -0.19083     0.00000    -0.20366
     0.96141    -0.01495    -0.21845     0.00000    -0.23340
     0.97141    -0.01641    -0.23635     0.00000    -0.25277
     0.98141    -0.01693    -0.24008     0.00000    -0.25701
     0.99141    -0.01636    -0.22853     0.00000    -0.24489
     1.00141    -0.01485    -0.20447     0.00000    -0.21932
     1.01141    -0.01280    -0.17330     0.00000    -0.18610
     1.02141    -0.01070    -0.14190     0.00000    -0.15260
     1.03141    -0.00905    -0.11677     0.00000    -0.12582
     1.04141    -0.00823    -0.10265     0.00000    -0.11088
     1.05141    -0.00841    -0.10177     0.00000    -0.11018
     1.06141    -0.00956    -0.11362     0.00000    -0.12317
     1.07141    -0.01144    -0.13537     0.00000    -0.14680
     1.08141    -0.01368    -0.16260     0.00000    -0.17629
     1.09141    -0.01588    -0.19027     0.00000    -0.20614
     1.10141    -0.01760    -0.21312     0.00000    -0.23072
     1.11141    -0.01854    -0.22683     0.00000    -0.24537
     1.12141    -0.01848    -0.22857     0.00000    -0.24705
     1.13141    -0.01741    -0.21729     0.00000    -0.23469
     1.14141    -0.01544    -0.19438     0.00000    -0.20982
     1.15141    -0.01287    -0.16311     0.00000    -0.17598
     1.16141    -0.01005    -0.12816     0.00000    -0.13821
     1.17141    -0.00733    -0.09396     0.00000    -0.10130
     1.18141    -0.00499    -0.06416     0.00000    -0.06915
     1.19141    -0.00316    -0.04073     0.00000    -0.04389
     1.20141    -0.00186    -0.02399     0.00000    -0.02584
     1.21141    -0.00101    -0.01310     0.00000    -0.01411
     1.22141    -0.00051    -0.00662     0.00000    -0.00713
     1.23141    -0.00024    -0.00310     0.00000    -0.00334
     1.24141    -0.00010    -0.00134     0.00000    -0.00145
     1.25141    -0.00004    -0.00054     0.00000    -0.00058
     1.26141    -0.00002    -0.00020     0.00000    -0.00021
     1.27141    -0.00001    -0.00007     0.00000    -0.00007
     1.28141    -0.00000    -0.00002     0.00000    -0.00002
     1.29141    -0.00000    -0.00001     0.00000    -0.00001
     1.30141    -0.00000    -0.00001     0.00000    -0.00001
     1.31141    -0.00000    -0.00002     0.00000    -0.00002
     1.32141    -0.00000    -0.00005     0.00000    -0.00005
     1.33141    -0.00001    -0.00013     0.00000    -0.00014
     1.34141    -0.00002    -0.00031     0.00000    -0.00033
     1.35141    -0.00004    -0.00070     0.00000    -0.00074
     1.36141    -0.00009    -0.00143     0.00000    -0.00152
     1.37141    -0.00017    -0.00271     0.00000    -0.00288
     1.38141    -0.00029    -0.00475     0.00000    -0.00504
     1.39141    -0.00047    -0.00768     0.00000    -0.00815
     1.40141    -0.00070    -0.01146     0.00000    -0.01217
     1.41141    -0.00097    -0.01583     0.00000    -0.01680
     1.42141    -0.00124    -0.02023     0.00000    -0.02147
     1.43141    -0.00147    -0.02399     0.00000    -0.02546
     1.44141    -0.00163    -0.02653     0.00000    -0.02816
     1.45141    -0.00169    -0.02765     0.00000    -0.02934
     1.46141    -0.00169    -0.02767     0.00000    -0.02936
     1.47141    -0.00167    -0.02742     0.00000    -0.02910
     1.48141    -0.00170    -0.02795     0.00000    -0.02965
     1.49141    -0.00183    -0.03011     0.00000    -0.03193
     1.50141    -0.00207    -0.03415     0.00000    -0.03622
     1.51141    -0.00239    -0.03950     0.00000    -0.04189
     1.52141    -0.00271    -0.04488     0.00000    -0.04759
     1.53141    -0.00294    -0.04873     0.00000    -0.05166
     1.54141    -0.00300    -0.04969     0.00000    -0.05269
     1.55141    -0.00284    -0.04720     0.00000    -0.05004
     1.56141    -0.00251    -0.04157     0.00000    -0.04408
     1.57141    -0.00204    -0.03388     0.00000    -0.03592
     1.58141    -0.00154    -0.02554     0.00000    -0.02708
     1.59141    -0.00108    -0.01783     0.00000    -0.01891
     1.60141    -0.00071    -0.01162     0.00000    -0.01232
     1.61141    -0.00045    -0.00729     0.00000    -0.00775
     1.62141    -0.00033    -0.00494     0.00000    -0.00527
     1.63141    -0.00034    -0.00454     0.00000    -0.00488
     1.64141    -0.00051    -0.00621     0.00000    -0.00672
     1.65141    -0.00088    -0.01025     0.00000    -0.01113
     1.66141    -0.00147    -0.01704     0.00000    -0.01852
     1.67141    -0.00231    -0.02675     0.00000    -0.02906
     1.68141    -0.00337    -0.03897     0.00000    -0.04235
     1.69141    -0.00455    -0.05252     0.00000    -0.05707
     1.70141    -0.00566    -0.06542     0.00000    -0.07109
     1.71141    -0.00653    -0.07541     0.00000    -0.08194
     1.72141    -0.00699    -0.08059     0.00000    -0.08758
     1.73141    -0.00697    -0.08030     0.00000    -0.08727
     1.74141    -0.00657    -0.07546     0.00000    -0.08203
     1.75141    -0.00601    -0.06851     0.00000    -0.07452
     1.76141    -0.00557    -0.06270     0.00000    -0.06827
     1.77141    -0.00553    -0.06108     0.00000    -0.06660
     1.78141    -0.00603    -0.06552     0.00000    -0.07156
     1.79141    -0.00710    -0.07617     0.00000    -0.08327
     1.80141    -0.00855    -0.09140     0.00000    -0.09995
     1.81141    -0.01012    -0.10847     0.00000    -0.11858
     1.82141    -0.01152    -0.12456     0.00000    -0.13608
     1.83141    -0.01260    -0.13791     0.00000    -0.15050
     1.84141    -0.01333    -0.14845     0.00000    -0.16178
     1.85141    -0.01388    -0.15773     0.00000    -0.17161
     1.86141    -0.01449    -0.16788     0.00000    -0.18237
     1.87141    -0.01537    -0.18049     0.00000    -0.19586
     1.88141    -0.01660    -0.19564     0.00000    -0.21224
     1.89141    -0.01808    -0.21177     0.00000    -0.22985
     1.90141    -0.01956    -0.22616     0.00000    -0.24572
     1.91241    -0.02075    -0.23585     0.00000    -0.25660
     1.92241    -0.02137    -0.23837     0.00000    -0.25974
     1.93241    -0.02121    -0.23240     0.00000    -0.25361
     1.94241    -0.02021    -0.21779     0.00000    -0.23800
     1.95241    -0.01841    -0.19556     0.00000    -0.21397
     1.96241    -0.01599    -0.16786     0.00000    -0.18385
     1.97241    -0.01326    -0.13777     0.00000    -0.15102
     1.98241    -0.01055    -0.10887     0.00000    -0.11942
     1.99241    -0.00825    -0.08473     0.00000    -0.09298
     2.00241    -0.00665    -0.06816     0.00000    -0.07481
     2.01241    -0.00591    -0.06066     0.00000    -0.06656
     2.02241    -0.00603    -0.06208     0.00000    -0.06811
     2.03241    -0.00684    -0.07057     0.00000    -0.07741
     2.04241    -0.00804    -0.08303     0.00000    -0.09107
     2.05241    -0.00929    -0.09575     0.00000    -0.10504
     2.06241    -0.01027    -0.10560     0.00000    -0.11587
     2.07241    -0.01082    -0.11074     0.00000    -0.12157
     2.08241    -0.01095    -0.11120     0.00000    -0.12215
     2.09241    -0.01081    -0.10847     0.00000    -0.11928
     2.10241    -0.01057    -0.10467     0.00000    -0.11524
     2.11241    -0.01039    -0.10136     0.00000    -0.11175
     2.12241    -0.01025    -0.09891     0.00000    -0.10916
     2.13241    -0.01004    -0.09654     0.00000    -0.10658
     2.14241    -0.00962    -0.09306     0.00000    -0.10268
     2.15241    -0.00889    -0.08779     0.00000    -0.09668
     2.16241    -0.00788    -0.08107     0.00000    -0.08895
     2.17241    -0.00672    -0.07414     0.00000    -0.08086
     2.18241    -0.00561    -0.06850     0.00000    -0.07410
     2.19241    -0.00470    -0.06520     0.00000    -0.06990
     2.20241    -0.00406    -0.06438     0.00000    -0.06844
     2.21241    -0.00368    -0.06521     0.00000    -0.06888
     2.22241    -0.00345    -0.06633     0.00000    -0.06978
     2.23241    -0.00327    -0.06635     0.00000    -0.06962
     2.24241    -0.00305    -0.06425     0.00000    -0.06730
     2.25241    -0.00274    -0.05969     0.00000    -0.06243
     2.26241    -0.00235    -0.05286     0.00000    -0.05520
     2.27241    -0.00190    -0.04448     0.00000    -0.04639
     2.28241    -0.00146    -0.03546     0.00000    -0.03692
     2.29241    -0.00105    -0.02672     0.00000    -0.02777
     2.30241    -0.00072    -0.01902     0.00000    -0.01974
     2.31241    -0.00048    -0.01285     0.00000    -0.01333
     2.32241    -0.00033    -0.00843     0.00000    -0.00876
     2.33241    -0.00028    -0.00579     0.00000    -0.00607
     2.34241    -0.00033    -0.00490     0.00000    -0.00522
     2.35241    -0.00049    -0.00572     0.00000    -0.00621
     2.36241    -0.00080    -0.00829     0.00000    -0.00908
     2.37241    -0.00124    -0.01263     0.00000    -0.01388
     2.38241    -0.00183    -0.01868     0.00000    -0.02051
     2.39241    -0.00252    -0.02608     0.00000    -0.02860
     2.40241    -0.00324    -0.03416     0.00000    -0.03740
     2.41241    -0.00389    -0.04191     0.00000    -0.04580
     2.42241    -0.00436    -0.04823     0.00000    -0.05259
     2.43241    -0.00459    -0.05204     0.00000    -0.05663
     2.44241    -0.00451    -0.05273     0.00000    -0.05724
     2.45241    -0.00417    -0.05024     0.00000    -0.05441
     2.46241    -0.00362    -0.04520     0.00000    -0.04883
     2.47241    -0.00298    -0.03879     0.00000    -0.04176
     2.48241    -0.00234    -0.03239     0.00000    -0.03473
     2.49241    -0.00181    -0.02732     0.00000    -0.02913
     2.50241    -0.00145    -0.02447     0.00000    -0.02592
     2.51241    -0.00127    -0.02413     0.00000    -0.02539
     2.52241    -0.00124    -0.02597     0.00000    -0.02721
     2.53241    -0.00133    -0.02920     0.00000    -0.03053
     2.54241    -0.00147    -0.03288     0.00000    -0.03436
     2.55241    -0.00162    -0.03621     0.00000    -0.03784
     2.56241    -0.00175    -0.03867     0.00000    -0.04042
     2.57241    -0.00183    -0.04007     0.00000    -0.04190
     2.58241    -0.00186    -0.04043     0.00000    -0.04229
     2.59241    -0.00184    -0.03980     0.00000    -0.04164
     2.60241    -0.00177    -0.03823     0.00000    -0.03999
     2.61241    -0.00165    -0.03580     0.00000    -0.03745
     2.62241    -0.00149    -0.03280     0.00000    -0.03429
     2.63241    -0.00132    -0.02968     0.00000    -0.03099
     2.64241    -0.00116    -0.02709     0.00000    -0.02825
     2.65241    -0.00104    -0.02559     0.00000    -0.02662
     2.66241    -0.00097    -0.02544     0.00000    -0.02642
     2.67241    -0.00097    -0.02662     0.00000    -0.02759
     2.68241    -0.00102    -0.02882     0.00000    -0.02984
     2.69241    -0.00112    -0.03175     0.00000    -0.03287
     2.70241    -0.00128    -0.03513     0.00000    -0.03641
     2.71241    -0.00150    -0.03888     0.00000    -0.04038
     2.72241    -0.00180    -0.04295     0.00000    -0.04476
     2.73241    -0.00219    -0.04728     0.00000    -0.04947
     2.74241    -0.00267    -0.05163     0.00000    -0.05430
     2.75241    -0.00319    -0.05580     0.00000    -0.05900
     2.76241    -0.00373    -0.05971     0.00000    -0.06344
     2.77241    -0.00425    -0.06345     0.00000    -0.06770
     2.78241    -0.00473    -0.06742     0.00000    -0.07214
     2.79241    -0.00518    -0.07215     0.00000    -0.07733
     2.80241    -0.00563    -0.07799     0.00000    -0.08362
     2.81241    -0.00609    -0.08493     0.00000    -0.09102
     2.82241    -0.00656    -0.09244     0.00000    -0.09900
     2.83241    -0.00699    -0.09951     0.00000    -0.10650
     2.84241    -0.00732    -0.10500     0.00000    -0.11232
     2.85241    -0.00748    -0.10799     0.00000    -0.11547
     2.86241    -0.00744    -0.10807     0.00000    -0.11551
     2.87241    -0.00723    -0.10537     0.00000    -0.11260
     2.88241    -0.00691    -0.10060     0.00000    -0.10751
     2.89241    -0.00654    -0.09471     0.00000    -0.10125
     2.90241    -0.00620    -0.08866     0.00000    -0.09486
     2.91341    -0.00592    -0.08323     0.00000    -0.08915
     2.92341    -0.00567    -0.07886     0.00000    -0.08453
     2.93341    -0.00544    -0.07574     0.00000    -0.08118
     2.94341    -0.00519    -0.07379     0.00000    -0.07898
     2.95341    -0.00489    -0.07276     0.00000    -0.07765
     2.96341    -0.00455    -0.07234     0.00000    -0.07690
     2.97341    -0.00420    -0.07220     0.00000    -0.07640
     2.98341    -0.00385    -0.07209     0.00000    -0.07594
     2.99341    -0.00354    -0.07208     0.00000    -0.07561
     3.00341    -0.00329    -0.07257     0.00000    -0.07586
     3.01341    -0.00313    -0.07428     0.00000    -0.07741
     3.02341    -0.00308    -0.07784     0.00000    -0.08092
     3.03341    -0.00313    -0.08343     0.00000    -0.08656
     3.04341    -0.00327    -0.09047     0.00000    -0.09374
     3.05341    -0.00347    -0.09778     0.00000    -0.10125
     3.06341    -0.00368    -0.10391     0.00000    -0.10759
     3.07341    -0.00390    -0.10764     0.00000    -0.11154
     3.08341    -0.00409    -0.10829     0.00000    -0.11238
     3.09341    -0.00427    -0.10578     0.00000    -0.11005
     3.10341    -0.00440    -0.10044     0.00000    -0.10484
     3.11341    -0.00447    -0.09285     0.00000    -0.09732
     3.12341    -0.00446    -0.08378     0.00000    -0.08824
     3.13341    -0.00439    -0.07411     0.00000    -0.07849
     3.14341    -0.00427    -0.06480     0.00000    -0.06907
     3.15341    -0.00416    -0.05682     0.00000    -0.06098
     3.16341    -0.00411    -0.05083     0.00000    -0.05494
     3.17341    -0.00413    -0.04696     0.00000    -0.05109
     3.18341    -0.00419    -0.04476     0.00000    -0.04895
     3.19341    -0.00420    -0.04344     0.00000    -0.04764
     3.20341    -0.00410    -0.04217     0.00000    -0.04627
     3.21341    -0.00383    -0.04065     0.00000    -0.04448
     3.22341    -0.00342    -0.03925     0.00000    -0.04267
     3.23341    -0.00295    -0.03887     0.00000    -0.04181
     3.24341    -0.00251    -0.04059     0.00000    -0.04309
     3.25341    -0.00220    -0.04511     0.00000    -0.04732
     3.26341    -0.00211    -0.05243     0.00000    -0.05454
     3.27341    -0.00228    -0.06187     0.00000    -0.06415
     3.28341    -0.00272    -0.07247     0.00000    -0.07519
     3.29341    -0.00346    -0.08342     0.00000    -0.08689
     3.30341    -0.00451    -0.09447     0.00000    -0.09898
     3.31341    -0.00584    -0.10576     0.00000    -0.11160
     3.32341    -0.00737    -0.11730     0.00000    -0.12468
     3.33341    -0.00896    -0.12853     0.00000    -0.13748
     3.34341    -0.01037    -0.13784     0.00000    -0.14821
     3.35341    -0.01137    -0.14311     0.00000    -0.15448
     3.36341    -0.01177    -0.14247     0.00000    -0.15424
     3.37341    -0.01151    -0.13521     0.00000    -0.14672
     3.38341    -0.01071    -0.12234     0.00000    -0.13305
     3.39341    -0.00961    -0.10645     0.00000    -0.11606
     3.40341    -0.00850    -0.09085     0.00000    -0.09935
     3.41341    -0.00766    -0.07858     0.00000    -0.08624
     3.42341    -0.00721    -0.07135     0.00000    -0.07856
     3.43341    -0.00713    -0.06919     0.00000    -0.07632
     3.44341    -0.00726    -0.07061     0.00000    -0.07787
     3.45341    -0.00739    -0.07318     0.00000    -0.08056
     3.46341    -0.00729    -0.07444     0.00000    -0.08173
     3.47341    -0.00686    -0.07277     0.00000    -0.07963
     3.48341    -0.00610    -0.06764     0.00000    -0.07374
     3.49341    -0.00514    -0.05982     0.00000    -0.06496
     3.50341    -0.00414    -0.05095     0.00000    -0.05509
     3.51341    -0.00326    -0.04294     0.00000    -0.04620
     3.52341    -0.00262    -0.03747     0.00000    -0.04009
     3.53341    -0.00228    -0.03573     0.00000    -0.03801
     3.54341    -0.00224    -0.03822     0.00000    -0.04046
     3.55341    -0.00248    -0.04497     0.00000    -0.04744
     3.56341    -0.00294    -0.05562     0.00000    -0.05856
     3.57341    -0.00360    -0.06957     0.00000    -0.07317
     3.58341    -0.00443    -0.08592     0.00000    -0.09035
     3.59341    -0.00540    -0.10348     0.00000    -0.10888
     3.60341    -0.00651    -0.12083     0.00000    -0.12734
     3.61341    -0.00772    -0.13644     0.00000    -0.14416
     3.62341    -0.00900    -0.14892     0.00000    -0.15792
     3.63341    -0.01025    -0.15725     0.00000    -0.16750
     3.64341    -0.01140    -0.16086     0.00000    -0.17226
     3.65341    -0.01231    -0.15971     0.00000    -0.17201
     3.66341    -0.01289    -0.15428     0.00000    -0.16717
     3.67341    -0.01308    -0.14551     0.00000    -0.15859
     3.68341    -0.01291    -0.13473     0.00000    -0.14765
     3.69341    -0.01249    -0.12356     0.00000    -0.13605
     3.70341    -0.01194    -0.11348     0.00000    -0.12543
     3.71341    -0.01141    -0.10543     0.00000    -0.11684
     3.72341    -0.01093    -0.09961     0.00000    -0.11054
     3.73341    -0.01049    -0.09541     0.00000    -0.10590
     3.74341    -0.01001    -0.09176     0.00000    -0.10177
     3.75341    -0.00942    -0.08774     0.00000    -0.09716
     3.76341    -0.00872    -0.08301     0.00000    -0.09173
     3.77341    -0.00796    -0.07791     0.00000    -0.08587
     3.78341    -0.00725    -0.07320     0.00000    -0.08045
     3.79341    -0.00667    -0.06964     0.00000    -0.07631
     3.80341    -0.00625    -0.06754     0.00000    -0.07379
     3.81341    -0.00598    -0.06660     0.00000    -0.07257
     3.82341    -0.00578    -0.06603     0.00000    -0.07181
     3.83341    -0.00559    -0.06504     0.00000    -0.07063
     3.84341    -0.00541    -0.06316     0.00000    -0.06857
     3.85341    -0.00525    -0.06064     0.00000    -0.06588
     3.86341    -0.00519    -0.05837     0.00000    -0.06356
     3.87341    -0.00533    -0.05776     0.00000    -0.06309
     3.88341    -0.00573    -0.06024     0.00000    -0.06597
     3.89341    -0.00646    -0.06681     0.00000    -0.07326
     3.90341    -0.00749    -0.07774     0.00000    -0.08523
     3.91441    -0.00879    -0.09229     0.00000    -0.10108
     3.92441    -0.01026    -0.10866     0.00000    -0.11892
     3.93441    -0.01172    -0.12421     0.00000    -0.13594
     3.94441    -0.01299    -0.13596     0.00000    -0.14895
     3.95441    -0.01382    -0.14120     0.00000    -0.15502
     3.96441    -0.01403    -0.13842     0.00000    -0.15245
     3.97441    -0.01358    -0.12778     0.00000    -0.14135
     3.98441    -0.01257    -0.11113     0.00000    -0.12370
     3.99441    -0.01129    -0.09155     0.00000    -0.10284
     4.00441    -0.01010    -0.07250     0.00000    -0.08261
     4.01441    -0.00934    -0.05683     0.00000    -0.06617
     4.02441    -0.00919    -0.04635     0.00000    -0.05554
     4.03441    -0.00965    -0.04137     0.00000    -0.05102
     4.04441    -0.01054    -0.04116     0.00000    -0.05170
     4.05441    -0.01157    -0.04421     0.00000    -0.05578
     4.06441    -0.01253    -0.04905     0.00000    -0.06158
     4.07441    -0.01342    -0.05483     0.00000    -0.06825
     4.08441    -0.01448    -0.06181     0.00000    -0.07629
     4.09441    -0.01622    -0.07139     0.00000    -0.08761
     4.10441    -0.01924    -0.08577     0.00000    -0.10501
     4.11441    -0.02400    -0.10689     0.00000    -0.13089
     4.12441    -0.03055    -0.13523     0.00000    -0.16578
     4.13441    -0.03837    -0.16896     0.00000    -0.20733
     4.14441    -0.04636    -0.20377     0.00000    -0.25013
     4.15441    -0.05305    -0.23354     0.00000    -0.28659
     4.16441    -0.05711    -0.25230     0.00000    -0.30941
     4.17441    -0.05764    -0.25615     0.00000    -0.31379
     4.18441    -0.05454    -0.24431     0.00000    -0.29885
     4.19441    -0.04858    -0.21980     0.00000    -0.26837
     4.20441    -0.04105    -0.18821     0.00000    -0.22926
     4.21441    -0.03347    -0.15593     0.00000    -0.18940
     4.22441    -0.02710    -0.12842     0.00000    -0.15552
     4.23441    -0.02261    -0.10893     0.00000    -0.13154
     4.24441    -0.02009    -0.09815     0.00000    -0.11824
     4.25441    -0.01916    -0.09484     0.00000    -0.11400
     4.26441    -0.01918    -0.09665     0.00000    -0.11583
     4.27441    -0.01949    -0.10108     0.00000    -0.12057
     4.28441    -0.01958    -0.10597     0.00000    -0.12556
     4.29441    -0.01919    -0.10967     0.00000    -0.12886
     4.30441    -0.01824    -0.11111     0.00000    -0.12935
     4.31441    -0.01682    -0.10967     0.00000    -0.12649
     4.32441    -0.01511    -0.10529     0.00000    -0.12039
     4.33441    -0.01331    -0.09853     0.00000    -0.11184
     4.34441    -0.01162    -0.09059     0.00000    -0.10221
     4.35441    -0.01025    -0.08313     0.00000    -0.09338
     4.36441    -0.00937    -0.07784     0.00000    -0.08721
     4.37441    -0.00913    -0.07602     0.00000    -0.08515
     4.38441    -0.00962    -0.07818     0.00000    -0.08781
     4.39441    -0.01087    -0.08391     0.00000    -0.09478
     4.40441    -0.01286    -0.09215     0.00000    -0.10500
     4.41441    -0.01557    -0.10162     0.00000    -0.11719
     4.42441    -0.01901    -0.11147     0.00000    -0.13048
     4.43441    -0.02322    -0.12161     0.00000    -0.14483
     4.44441    -0.02824    -0.13270     0.00000    -0.16094
     4.45441    -0.03400    -0.14582     0.00000    -0.17982
     4.46441    -0.04024    -0.16171     0.00000    -0.20195
     4.47441    -0.04649    -0.18016     0.00000    -0.22665
     4.48441    -0.05209    -0.19975     0.00000    -0.25184
     4.49441    -0.05632    -0.21799     0.00000    -0.27431
     4.50441    -0.05863    -0.23188     0.00000    -0.29051
     4.51441    -0.05873    -0.23884     0.00000    -0.29757
     4.52441    -0.05678    -0.23737     0.00000    -0.29415
     4.53441    -0.05323    -0.22758     0.00000    -0.28081
     4.54441    -0.04879    -0.21100     0.00000    -0.25979
     4.55441    -0.04416    -0.19014     0.00000    -0.23430
     4.56441    -0.03980    -0.16771     0.00000    -0.20751
     4.57441    -0.03589    -0.14587     0.00000    -0.18176
     4.58441    -0.03235    -0.12584     0.00000    -0.15819
     4.59441    -0.02894    -0.10800     0.00000    -0.13694
     4.60441    -0.02548    -0.09218     0.00000    -0.11766
     4.61441    -0.02196    -0.07836     0.00000    -0.10032
     4.62441    -0.01864    -0.06706     0.00000    -0.08570
     4.63441    -0.01593    -0.05943     0.00000    -0.07535
     4.64441    -0.01430    -0.05687     0.00000    -0.07117
     4.65441    -0.01410    -0.06063     0.00000    -0.07474
     4.66441    -0.01546    -0.07096     0.00000    -0.08642
     4.67441    -0.01819    -0.08683     0.00000    -0.10502
     4.68441    -0.02191    -0.10584     0.00000    -0.12774
     4.69441    -0.02609    -0.12473     0.00000    -0.15082
     4.70441    -0.03023    -0.14015     0.00000    -0.17038
     4.71441    -0.03399    -0.14964     0.00000    -0.18363
     4.72441    -0.03719    -0.15221     0.00000    -0.18939
     4.73441    -0.03981    -0.14854     0.00000    -0.18835
     4.74441    -0.04194    -0.14057     0.00000    -0.18251
     4.75441    -0.04367    -0.13082     0.00000    -0.17449
     4.76441    -0.04501    -0.12165     0.00000    -0.16666
     4.77441    -0.04584    -0.11476     0.00000    -0.16060
     4.78441    -0.04609    -0.11100     0.00000    -0.15709
     4.79441    -0.04571    -0.11054     0.00000    -0.15625
     4.80441    -0.04484    -0.11301     0.00000    -0.15785
     4.81441    -0.04373    -0.11789     0.00000    -0.16162
     4.82441    -0.04276    -0.12473     0.00000    -0.16749
     4.83441    -0.04223    -0.13314     0.00000    -0.17537
     4.84441    -0.04222    -0.14275     0.00000    -0.18497
     4.85441    -0.04259    -0.15293     0.00000    -0.19552
     4.86441    -0.04289    -0.16255     0.00000    -0.20544
     4.87441    -0.04259    -0.16999     0.00000    -0.21258
     4.88441    -0.04120    -0.17330     0.00000    -0.21450
     4.89441    -0.03841    -0.17072     0.00000    -0.20913
     4.90441    -0.03426    -0.16122     0.00000    -0.19548
     4.91541    -0.02907    -0.14505     0.00000    -0.17412
     4.92541    -0.02339    -0.12370     0.00000    -0.14709
     4.93541    -0.01781    -0.09977     0.00000    -0.11757
     4.94541    -0.01288    -0.07618     0.00000    -0.08905
     4.95541    -0.00894    -0.05551     0.00000    -0.06445
     4.96541    -0.00614    -0.03949     0.00000    -0.04563
     4.97541    -0.00443    -0.02876     0.00000    -0.03319
     4.98541    -0.00362    -0.02299     0.00000    -0.02661
     4.99541    -0.00352    -0.02129     0.00000    -0.02481
     5.00541    -0.00395    -0.02258     0.00000    -0.02653
     5.01541    -0.00483    -0.02596     0.00000    -0.03078
     5.02541    -0.00615    -0.03086     0.00000    -0.03701
     5.03541    -0.00798    -0.03707     0.00000    -0.04505
     5.04541    -0.01034    -0.04445     0.00000    -0.05479
     5.05541    -0.01318    -0.05279     0.00000    -0.06597
     5.06541    -0.01628    -0.06158     0.00000    -0.07786
     5.07541    -0.01931    -0.07013     0.00000    -0.08944
     5.08541    -0.02190    -0.07784     0.00000    -0.09973
     5.09541    -0.02377    -0.08456     0.00000    -0.10832
     5.10541    -0.02482    -0.09081     0.00000    -0.11563
     5.11541    -0.02519    -0.09775     0.00000    -0.12294
     5.12541    -0.02517    -0.10681     0.00000    -0.13199
     5.13541    -0.02515    -0.11907     0.00000    -0.14422
     5.14541    -0.02543    -0.13480     0.00000    -0.16023
     5.15541    -0.02621    -0.15317     0.00000    -0.17938
     5.16541    -0.02752    -0.17231     0.00000    -0.19983
     5.17541    -0.02928    -0.18968     0.00000    -0.21896
     5.18541    -0.03131    -0.20273     0.00000    -0.23404
     5.19541    -0.03341    -0.20957     0.00000    -0.24298
     5.20541    -0.03538    -0.20935     0.00000    -0.24473
     5.21541    -0.03706    -0.20249     0.00000    -0.23955
     5.22541    -0.03843    -0.19049     0.00000    -0.22892
     5.23541    -0.03955    -0.17556     0.00000    -0.21512
     5.24541    -0.04055    -0.16006     0.00000    -0.20061
     5.25541    -0.04149    -0.14613     0.00000    -0.18762
     5.26541    -0.04242    -0.13520     0.00000    -0.17762
     5.27541    -0.04313    -0.12777     0.00000    -0.17090
     5.28541    -0.04338    -0.12323     0.00000    -0.16661
     5.29541    -0.04276    -0.12021     0.00000    -0.16297
     5.30541    -0.04101    -0.11705     0.00000    -0.15806
     5.31541    -0.03807    -0.11238     0.00000    -0.15045
     5.32541    -0.03410    -0.10557     0.00000    -0.13966
     5.33541    -0.02947    -0.09691     0.00000    -0.12638
     5.34541    -0.02468    -0.08734     0.00000    -0.11202
     5.35541    -0.02017    -0.07798     0.00000    -0.09815
     5.36541    -0.01628    -0.06970     0.00000    -0.08598
     5.37541    -0.01321    -0.06294     0.00000    -0.07615
     5.38541    -0.01104    -0.05757     0.00000    -0.06861
     5.39541    -0.00971    -0.05316     0.00000    -0.06288
     5.40541    -0.00918    -0.04932     0.00000    -0.05850
     5.41541    -0.00933    -0.04604     0.00000    -0.05537
     5.42541    -0.01006    -0.04364     0.00000    -0.05370
     5.43541    -0.01128    -0.04278     0.00000    -0.05406
     5.44541    -0.01291    -0.04424     0.00000    -0.05715
     5.45541    -0.01492    -0.04869     0.00000    -0.06361
     5.46541    -0.01730    -0.05650     0.00000    -0.07380
     5.47541    -0.02008    -0.06777     0.00000    -0.08785
     5.48541    -0.02329    -0.08237     0.00000    -0.10566
     5.49541    -0.02687    -0.09995     0.00000    -0.12682
     5.50541    -0.03068    -0.11987     0.00000    -0.15055
     5.51541    -0.03444    -0.14100     0.00000    -0.17544
     5.52541    -0.03780    -0.16171     0.00000    -0.19951
     5.53541    -0.04047    -0.17986     0.00000    -0.22033
     5.54541    -0.04226    -0.19327     0.00000    -0.23553
     5.55541    -0.04322    -0.20021     0.00000    -0.24343
     5.56541    -0.04355    -0.20002     0.00000    -0.24357
     5.57541    -0.04350    -0.19321     0.00000    -0.23671
     5.58541    -0.04327    -0.18130     0.00000    -0.22457
     5.59541    -0.04280    -0.16623     0.00000    -0.20903
     5.60541    -0.04191    -0.14989     0.00000    -0.19180
     5.61541    -0.04034    -0.13377     0.00000    -0.17411
     5.62541    -0.03801    -0.11899     0.00000    -0.15700
     5.63541    -0.03506    -0.10628     0.00000    -0.14134
     5.64541    -0.03182    -0.09615     0.00000    -0.12797
     5.65541    -0.02873    -0.08870     0.00000    -0.11743
     5.66541    -0.02614    -0.08373     0.00000    -0.10987
     5.67541    -0.02417    -0.08065     0.00000    -0.10482
     5.68541    -0.02279    -0.07884     0.00000    -0.10163
     5.69541    -0.02186    -0.07788     0.00000    -0.09974
     5.70541    -0.02126    -0.07780     0.00000    -0.09906
     5.71541    -0.02094    -0.07912     0.00000    -0.10005
     5.72541    -0.02093    -0.08267     0.00000    -0.10360
     5.73541    -0.02129    -0.08927     0.00000    -0.11057
     5.74541    -0.02208    -0.09918     0.00000    -0.12126
     5.75541    -0.02325    -0.11180     0.00000    -0.13504
     5.76541    -0.02465    -0.12548     0.00000    -0.15013
     5.77541    -0.02606    -0.13789     0.00000    -0.16395
     5.78541    -0.02731    -0.14659     0.00000    -0.17390
     5.79541    -0.02829    -0.14986     0.00000    -0.17815
     5.80541    -0.02903    -0.14729     0.00000    -0.17632
     5.81541    -0.02966    -0.13988     0.00000    -0.16954
     5.82541    -0.03032    -0.12962     0.00000    -0.15994
     5.83541    -0.03102    -0.11871     0.00000    -0.14973
     5.84541    -0.03163    -0.10885     0.00000    -0.14048
     5.85541    -0.03189    -0.10092     0.00000    -0.13281
     5.86541    -0.03160    -0.09499     0.00000    -0.12659
     5.87541    -0.03068    -0.09079     0.00000    -0.12147
     5.88541    -0.02931    -0.08812     0.00000    -0.11743
     5.89541    -0.02790    -0.08712     0.00000    -0.11501
     5.90541    -0.02690    -0.08826     0.00000    -0.11517
     5.91641    -0.02671    -0.09213     0.00000    -0.11884
     5.92641    -0.02746    -0.09909     0.00000    -0.12654
     5.93641    -0.02902    -0.10900     0.00000    -0.13802
     5.94641    -0.03105    -0.12119     0.00000    -0.15224
     5.95641    -0.03307    -0.13445     0.00000    -0.16752
     5.96641    -0.03463    -0.14719     0.00000    -0.18182
     5.97641    -0.03538    -0.15777     0.00000    -0.19315
     5.98641    -0.03516    -0.16479     0.00000    -0.19995
     5.99641    -0.03402    -0.16758     0.00000    -0.20160
     6.00641    -0.03217    -0.16639     0.00000    -0.19856
     6.01641    -0.02998    -0.16247     0.00000    -0.19245
     6.02641    -0.02787    -0.15751     0.00000    -0.18538
     6.03641    -0.02621    -0.15317     0.00000    -0.17938
     6.04641    -0.02523    -0.15045     0.00000    -0.17568
     6.05641    -0.02500    -0.14952     0.00000    -0.17452
     6.06641    -0.02548    -0.15005     0.00000    -0.17553
     6.07641    -0.02656    -0.15173     0.00000    -0.17828
     6.08641    -0.02816    -0.15480     0.00000    -0.18296
     6.09641    -0.03025    -0.15985     0.00000    -0.19010
     6.10641    -0.03278    -0.16750     0.00000    -0.20028
     6.11641    -0.03556    -0.17761     0.00000    -0.21317
     6.12641    -0.03826    -0.18883     0.00000    -0.22709
     6.13641    -0.04044    -0.19874     0.00000    -0.23918
     6.14641    -0.04167    -0.20465     0.00000    -0.24632
     6.15641    -0.04169    -0.20450     0.00000    -0.24619
     6.16641    -0.04055    -0.19779     0.00000    -0.23834
     6.17641    -0.03859    -0.18564     0.00000    -0.22423
     6.18641    -0.03630    -0.17054     0.00000    -0.20684
     6.19641    -0.03423    -0.15546     0.00000    -0.18969
     6.20641    -0.03279    -0.14296     0.00000    -0.17575
     6.21641    -0.03223    -0.13460     0.00000    -0.16683
     6.22641    -0.03263    -0.13061     0.00000    -0.16324
     6.23641    -0.03395    -0.13008     0.00000    -0.16403
     6.24641    -0.03607    -0.13138     0.00000    -0.16745
     6.25641    -0.03886    -0.13278     0.00000    -0.17164
     6.26641    -0.04208    -0.13308     0.00000    -0.17516
     6.27641    -0.04544    -0.13184     0.00000    -0.17728
     6.28641    -0.04853    -0.12963     0.00000    -0.17816
     6.29641    -0.05086    -0.12758     0.00000    -0.17844
     6.30641    -0.05210    -0.12706     0.00000    -0.17916
     6.31641    -0.05204    -0.12920     0.00000    -0.18124
     6.32641    -0.05077    -0.13439     0.00000    -0.18516
     6.33641    -0.04852    -0.14214     0.00000    -0.19066
     6.34641    -0.04563    -0.15100     0.00000    -0.19663
     6.35641    -0.04228    -0.15884     0.00000    -0.20112
     6.36641    -0.03860    -0.16331     0.00000    -0.20191
     6.37641    -0.03461    -0.16251     0.00000    -0.19713
     6.38641    -0.03035    -0.15554     0.00000    -0.18589
     6.39641    -0.02596    -0.14289     0.00000    -0.16885
     6.40641    -0.02171    -0.12645     0.00000    -0.14816
     6.41641    -0.01793    -0.10891     0.00000    -0.12684
     6.42641    -0.01490    -0.09304     0.00000    -0.10794
     6.43641    -0.01279    -0.08098     0.00000    -0.09377
     6.44641    -0.01160    -0.07368     0.00000    -0.08528
     6.45641    -0.01119    -0.07089     0.00000    -0.08208
     6.46641    -0.01141    -0.07145     0.00000    -0.08286
     6.47641    -0.01210    -0.07392     0.00000    -0.08602
     6.48641    -0.01316    -0.07701     0.00000    -0.09017
     6.49641    -0.01455    -0.07997     0.00000    -0.09452
     6.50641    -0.01620    -0.08260     0.00000    -0.09880
     6.51641    -0.01797    -0.08504     0.00000    -0.10301
     6.52641    -0.01968    -0.08749     0.00000    -0.10717
     6.53641    -0.02111    -0.08999     0.00000    -0.11110
     6.54641    -0.02212    -0.09251     0.00000    -0.11463
     6.55641    -0.02268    -0.09494     0.00000    -0.11762
     6.56641    -0.02290    -0.09722     0.00000    -0.12012
     6.57641    -0.02298    -0.09940     0.00000    -0.12238
     6.58641    -0.02316    -0.10157     0.00000    -0.12473
     6.59641    -0.02360    -0.10385     0.00000    -0.12745
     6.60641    -0.02439    -0.10642     0.00000    -0.13081
     6.61641    -0.02553    -0.10952     0.00000    -0.13505
     6.62641    -0.02693    -0.11338     0.00000    -0.14031
     6.63641    -0.02848    -0.11821     0.00000    -0.14669
     6.64641    -0.02999    -0.12390     0.00000    -0.15389
     6.65641    -0.03129    -0.13004     0.00000    -0.16133
     6.66641    -0.03217    -0.13593     0.00000    -0.16810
     6.67641    -0.03243    -0.14066     0.00000    -0.17309
     6.68641    -0.03197    -0.14345     0.00000    -0.17542
     6.69641    -0.03077    -0.14389     0.00000    -0.17466
     6.70641    -0.02894    -0.14202     0.00000    -0.17096
     6.71641    -0.02669    -0.13858     0.00000    -0.16527
     6.72641    -0.02435    -0.13470     0.00000    -0.15905
     6.73641    -0.02231    -0.13182     0.00000    -0.15413
     6.74641    -0.02095    -0.13123     0.00000    -0.15218
     6.75641    -0.02061    -0.13372     0.00000    -0.15433
     6.76641    -0.02151    -0.13949     0.00000    -0.16101
     6.77641    -0.02374    -0.14804     0.00000    -0.17178
     6.78641    -0.02718    -0.15831     0.00000    -0.18549
     6.79641    -0.03152    -0.16904     0.00000    -0.20056
     6.80641    -0.03629    -0.17887     0.00000    -0.21516
     6.81641    -0.04089    -0.18664     0.00000    -0.22753
     6.82641    -0.04475    -0.19148     0.00000    -0.23623
     6.83641    -0.04732    -0.19282     0.00000    -0.24014
     6.84641    -0.04836    -0.19045     0.00000    -0.23881
     6.85641    -0.04779    -0.18449     0.00000    -0.23228
     6.86641    -0.04586    -0.17558     0.00000    -0.22144
     6.87641    -0.04311    -0.16497     0.00000    -0.20808
     6.88641    -0.04018    -0.15460     0.00000    -0.19478
     6.89641    -0.03777    -0.14691     0.00000    -0.18468
     6.90641    -0.03645    -0.14425     0.00000    -0.18070
     6.91741    -0.03649    -0.14803     0.00000    -0.18452
     6.92741    -0.03784    -0.15812     0.00000    -0.19596
     6.93741    -0.04012    -0.17257     0.00000    -0.21269
     6.94741    -0.04282    -0.18816     0.00000    -0.23098
     6.95741    -0.04541    -0.20134     0.00000    -0.24675
     6.96741    -0.04753    -0.20943     0.00000    -0.25696
     6.97741    -0.04896    -0.21121     0.00000    -0.26017
     6.98741    -0.04961    -0.20699     0.00000    -0.25660
     6.99741    -0.04935    -0.19795     0.00000    -0.24730
     7.00741    -0.04803    -0.18545     0.00000    -0.23348
     7.01741    -0.04557    -0.17058     0.00000    -0.21615
     7.02741    -0.04203    -0.15432     0.00000    -0.19635
     7.03741    -0.03781    -0.13798     0.00000    -0.17579
     7.04741    -0.03359    -0.12338     0.00000    -0.15697
     7.05741    -0.03014    -0.11294     0.00000    -0.14308
     7.06741    -0.02811    -0.10895     0.00000    -0.13706
     7.07741    -0.02780    -0.11310     0.00000    -0.14090
     7.08741    -0.02909    -0.12574     0.00000    -0.15483
     7.09741    -0.03149    -0.14574     0.00000    -0.17723
     7.10741    -0.03441    -0.17074     0.00000    -0.20515
     7.11741    -0.03724    -0.19772     0.00000    -0.23496
     7.12741    -0.03959    -0.22376     0.00000    -0.26335
     7.13741    -0.04124    -0.24674     0.00000    -0.28798
     7.14741    -0.04216    -0.26545     0.00000    -0.30761
     7.15741    -0.04250    -0.27987     0.00000    -0.32237
     7.16741    -0.04242    -0.29029     0.00000    -0.33271
     7.17741    -0.04205    -0.29716     0.00000    -0.33921
     7.18741    -0.04154    -0.30009     0.00000    -0.34163
     7.19741    -0.04094    -0.29858     0.00000    -0.33952
     7.20741    -0.04030    -0.29170     0.00000    -0.33200
     7.21741    -0.03962    -0.27897     0.00000    -0.31859
     7.22741    -0.03895    -0.26063     0.00000    -0.29957
     7.23741    -0.03828    -0.23800     0.00000    -0.27628
     7.24741    -0.03771    -0.21321     0.00000    -0.25092
     7.25741    -0.03733    -0.18874     0.00000    -0.22607
     7.26741    -0.03725    -0.16693     0.00000    -0.20418
     7.27741    -0.03756    -0.14971     0.00000    -0.18727
     7.28741    -0.03829    -0.13832     0.00000    -0.17661
     7.29741    -0.03933    -0.13328     0.00000    -0.17261
     7.30741    -0.04041    -0.13450     0.00000    -0.17491
     7.31741    -0.04125    -0.14110     0.00000    -0.18235
     7.32741    -0.04145    -0.15155     0.00000    -0.19300
     7.33741    -0.04078    -0.16358     0.00000    -0.20436
     7.34741    -0.03915    -0.17462     0.00000    -0.21377
     7.35741    -0.03667    -0.18222     0.00000    -0.21889
     7.36741    -0.03367    -0.18480     0.00000    -0.21847
     7.37741    -0.03060    -0.18222     0.00000    -0.21282
     7.38741    -0.02798    -0.17586     0.00000    -0.20384
     7.39741    -0.02624    -0.16828     0.00000    -0.19452
     7.40741    -0.02572    -0.16234     0.00000    -0.18805
     7.41741    -0.02650    -0.16015     0.00000    -0.18665
     7.42741    -0.02847    -0.16247     0.00000    -0.19094
     7.43741    -0.03133    -0.16851     0.00000    -0.19984
     7.44741    -0.03465    -0.17651     0.00000    -0.21116
     7.45741    -0.03798    -0.18434     0.00000    -0.22232
     7.46741    -0.04089    -0.19015     0.00000    -0.23104
     7.47741    -0.04299    -0.19279     0.00000    -0.23578
     7.48741    -0.04399    -0.19174     0.00000    -0.23573
     7.49741    -0.04378    -0.18720     0.00000    -0.23098
     7.50741    -0.04240    -0.17996     0.00000    -0.22236
     7.51741    -0.04008    -0.17129     0.00000    -0.21137
     7.52741    -0.03725    -0.16269     0.00000    -0.19994
     7.53741    -0.03438    -0.15553     0.00000    -0.18991
     7.54741    -0.03191    -0.15074     0.00000    -0.18265
     7.55741    -0.03012    -0.14863     0.00000    -0.17875
     7.56741    -0.02914    -0.14898     0.00000    -0.17813
     7.57741    -0.02896    -0.15133     0.00000    -0.18029
     7.58741    -0.02950    -0.15512     0.00000    -0.18462
     7.59741    -0.03067    -0.15997     0.00000    -0.19064
     7.60741    -0.03235    -0.16531     0.00000    -0.19766
     7.61741    -0.03442    -0.17049     0.00000    -0.20491
     7.62741    -0.03664    -0.17450     0.00000    -0.21114
     7.63741    -0.03872    -0.17632     0.00000    -0.21504
     7.64741    -0.04033    -0.17517     0.00000    -0.21550
     7.65741    -0.04117    -0.17088     0.00000    -0.21205
     7.66741    -0.04108    -0.16421     0.00000    -0.20528
     7.67741    -0.04006    -0.15661     0.00000    -0.19667
     7.68741    -0.03839    -0.14985     0.00000    -0.18824
     7.69741    -0.03642    -0.14551     0.00000    -0.18193
     7.70741    -0.03461    -0.14444     0.00000    -0.17905
     7.71741    -0.03331    -0.14665     0.00000    -0.17996
     7.72741    -0.03270    -0.15136     0.00000    -0.18406
     7.73741    -0.03280    -0.15735     0.00000    -0.19015
     7.74741    -0.03348    -0.16336     0.00000    -0.19684
     7.75741    -0.03449    -0.16842     0.00000    -0.20291
     7.76741    -0.03559    -0.17187     0.00000    -0.20746
     7.77741    -0.03655    -0.17333     0.00000    -0.20988
     7.78741    -0.03724    -0.17264     0.00000    -0.20988
     7.79741    -0.03758    -0.16981     0.00000    -0.20739
     7.80741    -0.03763    -0.16516     0.00000    -0.20279
     7.81741    -0.03747    -0.15925     0.00000    -0.19672
     7.82741    -0.03730    -0.15291     0.00000    -0.19020
     7.83741    -0.03726    -0.14698     0.00000    -0.18424
     7.84741    -0.03752    -0.14212     0.00000    -0.17964
     7.85741    -0.03817    -0.13868     0.00000    -0.17685
     7.86741    -0.03918    -0.13655     0.00000    -0.17573
     7.87741    -0.04040    -0.13533     0.00000    -0.17573
     7.88741    -0.04161    -0.13444     0.00000    -0.17605
     7.89741    -0.04257    -0.13324     0.00000    -0.17581
     7.90741    -0.04307    -0.13125     0.00000    -0.17432
     7.91841    -0.04304    -0.12818     0.00000    -0.17122
     7.92841    -0.04254    -0.12414     0.00000    -0.16668
     7.93841    -0.04175    -0.11954     0.00000    -0.16129
     7.94841    -0.04091    -0.11517     0.00000    -0.15608
     7.95841    -0.04018    -0.11196     0.00000    -0.15214
     7.96841    -0.03964    -0.11068     0.00000    -0.15032
     7.97841    -0.03917    -0.11162     0.00000    -0.15079
     7.98841    -0.03856    -0.11437     0.00000    -0.15293
     7.99841    -0.03750    -0.11777     0.00000    -0.15527
     8.00841    -0.03574    -0.12050     0.00000    -0.15624
     8.01841    -0.03326    -0.12148     0.00000    -0.15474
     8.02841    -0.03018    -0.12044     0.00000    -0.15062
     8.03841    -0.02688    -0.11800     0.00000    -0.14488
     8.04841    -0.02380    -0.11530     0.00000    -0.13910
     8.05841    -0.02135    -0.11356     0.00000    -0.13490
     8.06841    -0.01980    -0.11352     0.00000    -0.13332
     8.07841    -0.01929    -0.11537     0.00000    -0.13466
     8.08841    -0.01976    -0.11875     0.00000    -0.13851
     8.09841    -0.02105    -0.12310     0.00000    -0.14415
     8.10841    -0.02292    -0.12795     0.00000    -0.15087
     8.11841    -0.02507    -0.13292     0.00000    -0.15799
     8.12841    -0.02719    -0.13770     0.00000    -0.16489
     8.13841    -0.02899    -0.14186     0.00000    -0.17085
     8.14841    -0.03026    -0.14492     0.00000    -0.17518
     8.15841    -0.03093    -0.14644     0.00000    -0.17737
     8.16841    -0.03105    -0.14622     0.00000    -0.17727
     8.17841    -0.03081    -0.14446     0.00000    -0.17527
     8.18841    -0.03042    -0.14170     0.00000    -0.17212
     8.19841    -0.03010    -0.13870     0.00000    -0.16880
     8.20841    -0.02992    -0.13621     0.00000    -0.16613
     8.21841    -0.02985    -0.13488     0.00000    -0.16473
     8.22841    -0.02982    -0.13512     0.00000    -0.16494
     8.23841    -0.02973    -0.13713     0.00000    -0.16686
     8.24841    -0.02954    -0.14085     0.00000    -0.17039
     8.25841    -0.02923    -0.14602     0.00000    -0.17525
     8.26841    -0.02882    -0.15209     0.00000    -0.18091
     8.27841    -0.02830    -0.15820     0.00000    -0.18650
     8.28841    -0.02765    -0.16330     0.00000    -0.19095
     8.29841    -0.02687    -0.16633     0.00000    -0.19320
     8.30841    -0.02597    -0.16651     0.00000    -0.19248
     8.31841    -0.02502    -0.16352     0.00000    -0.18854
     8.32841    -0.02411    -0.15758     0.00000    -0.18168
     8.33841    -0.02330    -0.14943     0.00000    -0.17273
     8.34841    -0.02265    -0.14009     0.00000    -0.16274
     8.35841    -0.02214    -0.13067     0.00000    -0.15281
     8.36841    -0.02176    -0.12223     0.00000    -0.14399
     8.37841    -0.02149    -0.11571     0.00000    -0.13720
     8.38841    -0.02133    -0.11185     0.00000    -0.13318
     8.39841    -0.02134    -0.11108     0.00000    -0.13242
     8.40841    -0.02161    -0.11343     0.00000    -0.13504
