     #Energy           s           p           d       tot  
    -1.59159   -24.10000   -31.55000  -411.30000  -466.95000
    -1.58159    -0.00000    -0.00054    -0.00247    -0.00301
    -1.57159    -0.00000    -0.00058    -0.00306    -0.00364
    -1.56159    -0.00000    -0.00084    -0.00484    -0.00569
    -1.55159    -0.00001    -0.00136    -0.00800    -0.00937
    -1.54159    -0.00001    -0.00213    -0.01265    -0.01479
    -1.53159    -0.00001    -0.00313    -0.01863    -0.02178
    -1.52159    -0.00002    -0.00427    -0.02541    -0.02970
    -1.51159    -0.00002    -0.00538    -0.03204    -0.03744
    -1.50159    -0.00002    -0.00628    -0.03737    -0.04367
    -1.49159    -0.00003    -0.00678    -0.04036    -0.04716
    -1.48159    -0.00003    -0.00679    -0.04046    -0.04728
    -1.47159    -0.00003    -0.00634    -0.03783    -0.04419
    -1.46159    -0.00003    -0.00555    -0.03328    -0.03886
    -1.45159    -0.00003    -0.00463    -0.02797    -0.03262
    -1.44159    -0.00002    -0.00374    -0.02303    -0.02680
    -1.43159    -0.00002    -0.00301    -0.01923    -0.02227
    -1.42159    -0.00002    -0.00248    -0.01688    -0.01938
    -1.41159    -0.00002    -0.00210    -0.01587    -0.01800
    -1.40159    -0.00002    -0.00182    -0.01589    -0.01774
    -1.39159    -0.00002    -0.00159    -0.01654    -0.01815
    -1.38159    -0.00002    -0.00136    -0.01745    -0.01883
    -1.37159    -0.00002    -0.00113    -0.01826    -0.01941
    -1.36159    -0.00001    -0.00091    -0.01862    -0.01954
    -1.35159    -0.00001    -0.00071    -0.01824    -0.01896
    -1.34159    -0.00001    -0.00055    -0.01698    -0.01753
    -1.33159    -0.00001    -0.00041    -0.01490    -0.01531
    -1.32159    -0.00000    -0.00030    -0.01226    -0.01256
    -1.31159    -0.00000    -0.00021    -0.00946    -0.00967
    -1.30159    -0.00000    -0.00016    -0.00691    -0.00707
    -1.29159    -0.00000    -0.00016    -0.00493    -0.00509
    -1.28159    -0.00000    -0.00022    -0.00373    -0.00394
    -1.27159    -0.00000    -0.00039    -0.00335    -0.00374
    -1.26159    -0.00000    -0.00078    -0.00377    -0.00456
    -1.25159    -0.00000    -0.00153    -0.00491    -0.00644
    -1.24159    -0.00001    -0.00285    -0.00666    -0.00952
    -1.23159    -0.00001    -0.00499    -0.00892    -0.01392
    -1.22159    -0.00002    -0.00820    -0.01157    -0.01979
    -1.21159    -0.00002    -0.01265    -0.01449    -0.02716
    -1.20159    -0.00003    -0.01831    -0.01754    -0.03588
    -1.19159    -0.00005    -0.02486    -0.02051    -0.04542
    -1.18159    -0.00006    -0.03174    -0.02318    -0.05498
    -1.17159    -0.00007    -0.03817    -0.02524    -0.06348
    -1.16159    -0.00008    -0.04335    -0.02646    -0.06989
    -1.15159    -0.00008    -0.04660    -0.02668    -0.07336
    -1.14159    -0.00008    -0.04752    -0.02589    -0.07349
    -1.13159    -0.00008    -0.04607    -0.02422    -0.07037
    -1.12159    -0.00008    -0.04251    -0.02188    -0.06447
    -1.11159    -0.00007    -0.03737    -0.01912    -0.05656
    -1.10159    -0.00006    -0.03128    -0.01616    -0.04750
    -1.09059    -0.00005    -0.02492    -0.01319    -0.03816
    -1.08059    -0.00004    -0.01888    -0.01041    -0.02933
    -1.07059    -0.00003    -0.01360    -0.00796    -0.02159
    -1.06059    -0.00002    -0.00934    -0.00600    -0.01536
    -1.05059    -0.00001    -0.00619    -0.00461    -0.01082
    -1.04059    -0.00001    -0.00407    -0.00380    -0.00788
    -1.03059    -0.00001    -0.00279    -0.00352    -0.00631
    -1.02059    -0.00000    -0.00211    -0.00360    -0.00571
    -1.01059    -0.00000    -0.00181    -0.00385    -0.00567
    -1.00059    -0.00000    -0.00169    -0.00407    -0.00577
    -0.99059    -0.00000    -0.00161    -0.00411    -0.00572
    -0.98059    -0.00000    -0.00148    -0.00388    -0.00537
    -0.97059    -0.00000    -0.00129    -0.00341    -0.00470
    -0.96059    -0.00000    -0.00104    -0.00277    -0.00382
    -0.95059    -0.00000    -0.00078    -0.00209    -0.00287
    -0.94059    -0.00000    -0.00054    -0.00145    -0.00199
    -0.93059    -0.00000    -0.00035    -0.00093    -0.00128
    -0.92059    -0.00000    -0.00021    -0.00055    -0.00077
    -0.91059    -0.00000    -0.00012    -0.00031    -0.00044
    -0.90059    -0.00000    -0.00009    -0.00018    -0.00026
    -0.89059    -0.00000    -0.00010    -0.00013    -0.00023
    -0.88059    -0.00000    -0.00017    -0.00016    -0.00033
    -0.87059    -0.00000    -0.00033    -0.00028    -0.00061
    -0.86059    -0.00000    -0.00061    -0.00052    -0.00113
    -0.85059    -0.00001    -0.00106    -0.00090    -0.00196
    -0.84059    -0.00001    -0.00170    -0.00144    -0.00315
    -0.83059    -0.00002    -0.00252    -0.00214    -0.00468
    -0.82059    -0.00002    -0.00346    -0.00294    -0.00642
    -0.81059    -0.00003    -0.00439    -0.00372    -0.00813
    -0.80059    -0.00003    -0.00513    -0.00435    -0.00951
    -0.79059    -0.00003    -0.00554    -0.00470    -0.01027
    -0.78059    -0.00003    -0.00553    -0.00469    -0.01025
    -0.77059    -0.00003    -0.00509    -0.00432    -0.00944
    -0.76059    -0.00003    -0.00433    -0.00367    -0.00803
    -0.75059    -0.00002    -0.00340    -0.00289    -0.00631
    -0.74059    -0.00002    -0.00247    -0.00209    -0.00458
    -0.73059    -0.00001    -0.00165    -0.00140    -0.00307
    -0.72059    -0.00001    -0.00102    -0.00087    -0.00190
    -0.71059    -0.00000    -0.00058    -0.00050    -0.00108
    -0.70059    -0.00000    -0.00031    -0.00026    -0.00057
    -0.69059    -0.00000    -0.00015    -0.00013    -0.00028
    -0.68059    -0.00000    -0.00007    -0.00006    -0.00013
    -0.67059    -0.00000    -0.00003    -0.00002    -0.00005
    -0.66059    -0.00000    -0.00001    -0.00001    -0.00002
    -0.65059    -0.00000    -0.00000    -0.00000    -0.00001
    -0.64059    -0.00000    -0.00000    -0.00000    -0.00000
    -0.63059    -0.00000    -0.00000    -0.00000    -0.00000
    -0.62059    -0.00000    -0.00000    -0.00000    -0.00000
    -0.61059    -0.00000    -0.00000    -0.00000    -0.00000
    -0.60059    -0.00000    -0.00000    -0.00000    -0.00000
    -0.59059    -0.00000    -0.00000    -0.00000    -0.00000
    -0.58059    -0.00000    -0.00000    -0.00001    -0.00001
    -0.57059    -0.00000    -0.00000    -0.00002    -0.00002
    -0.56059    -0.00000    -0.00001    -0.00004    -0.00005
    -0.55059    -0.00000    -0.00002    -0.00009    -0.00010
    -0.54059    -0.00000    -0.00004    -0.00018    -0.00022
    -0.53059    -0.00000    -0.00007    -0.00035    -0.00042
    -0.52059    -0.00001    -0.00012    -0.00062    -0.00075
    -0.51059    -0.00001    -0.00021    -0.00103    -0.00124
    -0.50059    -0.00001    -0.00031    -0.00156    -0.00189
    -0.49059    -0.00002    -0.00044    -0.00220    -0.00266
    -0.48059    -0.00003    -0.00057    -0.00285    -0.00345
    -0.47059    -0.00003    -0.00069    -0.00343    -0.00414
    -0.46059    -0.00004    -0.00076    -0.00380    -0.00460
    -0.45059    -0.00004    -0.00078    -0.00392    -0.00473
    -0.44059    -0.00003    -0.00074    -0.00377    -0.00454
    -0.43059    -0.00003    -0.00066    -0.00346    -0.00414
    -0.42059    -0.00003    -0.00055    -0.00316    -0.00374
    -0.41059    -0.00002    -0.00046    -0.00311    -0.00360
    -0.40059    -0.00002    -0.00041    -0.00358    -0.00401
    -0.39059    -0.00002    -0.00043    -0.00477    -0.00521
    -0.38059    -0.00002    -0.00052    -0.00681    -0.00734
    -0.37059    -0.00002    -0.00068    -0.00963    -0.01033
    -0.36059    -0.00003    -0.00089    -0.01297    -0.01389
    -0.35059    -0.00004    -0.00113    -0.01634    -0.01751
    -0.34059    -0.00004    -0.00138    -0.01912    -0.02054
    -0.33059    -0.00005    -0.00161    -0.02077    -0.02243
    -0.32059    -0.00005    -0.00185    -0.02097    -0.02287
    -0.31059    -0.00005    -0.00210    -0.01976    -0.02192
    -0.30059    -0.00005    -0.00241    -0.01749    -0.01996
    -0.29059    -0.00005    -0.00278    -0.01470    -0.01754
    -0.28059    -0.00006    -0.00318    -0.01192    -0.01515
    -0.27059    -0.00006    -0.00353    -0.00949    -0.01308
    -0.26059    -0.00006    -0.00375    -0.00755    -0.01136
    -0.25059    -0.00006    -0.00376    -0.00604    -0.00985
    -0.24059    -0.00005    -0.00352    -0.00483    -0.00840
    -0.23059    -0.00004    -0.00307    -0.00379    -0.00690
    -0.22059    -0.00004    -0.00248    -0.00287    -0.00538
    -0.21059    -0.00003    -0.00185    -0.00207    -0.00394
    -0.20059    -0.00002    -0.00128    -0.00140    -0.00269
    -0.19059    -0.00001    -0.00082    -0.00088    -0.00171
    -0.18059    -0.00001    -0.00048    -0.00052    -0.00100
    -0.17059    -0.00000    -0.00026    -0.00028    -0.00055
    -0.16059    -0.00000    -0.00013    -0.00014    -0.00027
    -0.15059    -0.00000    -0.00006    -0.00007    -0.00013
    -0.14059    -0.00000    -0.00003    -0.00003    -0.00005
    -0.13059    -0.00000    -0.00001    -0.00001    -0.00002
    -0.12059    -0.00000    -0.00000    -0.00000    -0.00001
    -0.11059    -0.00000    -0.00000    -0.00000    -0.00000
    -0.10059    -0.00000    -0.00000    -0.00000    -0.00000
    -0.08959    -0.00000    -0.00000    -0.00000    -0.00000
    -0.07959    -0.00000    -0.00000    -0.00000    -0.00000
    -0.06959    -0.00000    -0.00000    -0.00000    -0.00000
    -0.05959    -0.00000    -0.00000    -0.00000    -0.00000
    -0.04959    -0.00000    -0.00000    -0.00000    -0.00000
    -0.03959    -0.00000    -0.00000    -0.00000    -0.00000
    -0.02959    -0.00000    -0.00000    -0.00000    -0.00000
    -0.01959    -0.00000    -0.00000    -0.00000    -0.00000
    -0.00959    -0.00000    -0.00000    -0.00000    -0.00000
     0.00041    -0.00000    -0.00000    -0.00000    -0.00000
     0.01041    -0.00000    -0.00000    -0.00000    -0.00000
     0.02041    -0.00000    -0.00000    -0.00000    -0.00000
     0.03041    -0.00000    -0.00000    -0.00000    -0.00000
     0.04041    -0.00000    -0.00000    -0.00000    -0.00000
     0.05041     0.00000     0.00000     0.00000     0.00000
     0.06041     0.00000     0.00000     0.00000     0.00000
     0.07041     0.00000     0.00000     0.00000     0.00000
     0.08041     0.00000     0.00000     0.00000     0.00000
     0.09041     0.00000     0.00000     0.00000     0.00000
     0.10041     0.00000     0.00000     0.00000     0.00000
     0.11041     0.00000     0.00000     0.00000     0.00000
     0.12041     0.00000     0.00000     0.00000     0.00000
     0.13041    -0.00000    -0.00000    -0.00000    -0.00000
     0.14041    -0.00000    -0.00000    -0.00000    -0.00000
     0.15041    -0.00000    -0.00000    -0.00000    -0.00000
     0.16041    -0.00000    -0.00000    -0.00000    -0.00000
     0.17041    -0.00000    -0.00000    -0.00000    -0.00000
     0.18041    -0.00000    -0.00000    -0.00000    -0.00000
     0.19041    -0.00000    -0.00000    -0.00000    -0.00000
     0.20041    -0.00000    -0.00000    -0.00000    -0.00000
     0.21041    -0.00000    -0.00000    -0.00000    -0.00000
     0.22041    -0.00000    -0.00000    -0.00000    -0.00000
     0.23041    -0.00000    -0.00000    -0.00000    -0.00000
     0.24041    -0.00000    -0.00000    -0.00000    -0.00000
     0.25041    -0.00000    -0.00000    -0.00000    -0.00000
     0.26041    -0.00000    -0.00000    -0.00000    -0.00000
     0.27041    -0.00000    -0.00000    -0.00000    -0.00000
     0.28041    -0.00000    -0.00000    -0.00000    -0.00000
     0.29041    -0.00000    -0.00001    -0.00000    -0.00001
     0.30041    -0.00000    -0.00002    -0.00000    -0.00002
     0.31041    -0.00000    -0.00004    -0.00001    -0.00005
     0.32041    -0.00000    -0.00011    -0.00003    -0.00013
     0.33041    -0.00000    -0.00024    -0.00006    -0.00031
     0.34041    -0.00000    -0.00052    -0.00013    -0.00065
     0.35041    -0.00000    -0.00101    -0.00025    -0.00127
     0.36041    -0.00000    -0.00182    -0.00046    -0.00228
     0.37041    -0.00000    -0.00303    -0.00076    -0.00380
     0.38041    -0.00001    -0.00466    -0.00118    -0.00584
     0.39041    -0.00001    -0.00662    -0.00167    -0.00829
     0.40041    -0.00001    -0.00868    -0.00219    -0.01087
     0.41041    -0.00001    -0.01051    -0.00265    -0.01317
     0.42041    -0.00001    -0.01175    -0.00296    -0.01472
     0.43041    -0.00001    -0.01213    -0.00305    -0.01520
     0.44041    -0.00001    -0.01156    -0.00291    -0.01449
     0.45041    -0.00001    -0.01018    -0.00257    -0.01276
     0.46041    -0.00001    -0.00828    -0.00209    -0.01037
     0.47041    -0.00001    -0.00621    -0.00157    -0.00779
     0.48041    -0.00000    -0.00431    -0.00109    -0.00540
     0.49041    -0.00000    -0.00276    -0.00069    -0.00346
     0.50041    -0.00000    -0.00163    -0.00041    -0.00204
     0.51041    -0.00000    -0.00089    -0.00022    -0.00112
     0.52041    -0.00000    -0.00045    -0.00011    -0.00056
     0.53041    -0.00000    -0.00021    -0.00005    -0.00026
     0.54041    -0.00000    -0.00009    -0.00002    -0.00011
     0.55041    -0.00000    -0.00004    -0.00001    -0.00004
     0.56041    -0.00000    -0.00001    -0.00000    -0.00002
     0.57041    -0.00000    -0.00000    -0.00000    -0.00001
     0.58041    -0.00000    -0.00000    -0.00000    -0.00000
     0.59041    -0.00000    -0.00000    -0.00000    -0.00000
     0.60041    -0.00000    -0.00001    -0.00000    -0.00001
     0.61041    -0.00000    -0.00003    -0.00001    -0.00004
     0.62041    -0.00000    -0.00008    -0.00002    -0.00010
     0.63041    -0.00000    -0.00019    -0.00005    -0.00024
     0.64041    -0.00000    -0.00044    -0.00012    -0.00056
     0.65041    -0.00000    -0.00093    -0.00025    -0.00118
     0.66041    -0.00001    -0.00181    -0.00048    -0.00230
     0.67041    -0.00001    -0.00326    -0.00087    -0.00414
     0.68041    -0.00002    -0.00542    -0.00145    -0.00689
     0.69041    -0.00004    -0.00834    -0.00223    -0.01061
     0.70041    -0.00005    -0.01186    -0.00318    -0.01509
     0.71041    -0.00007    -0.01560    -0.00420    -0.01987
     0.72041    -0.00009    -0.01901    -0.00517    -0.02426
     0.73041    -0.00010    -0.02155    -0.00595    -0.02760
     0.74041    -0.00011    -0.02285    -0.00651    -0.02946
     0.75041    -0.00011    -0.02291    -0.00687    -0.02989
     0.76041    -0.00010    -0.02211    -0.00720    -0.02941
     0.77041    -0.00010    -0.02109    -0.00767    -0.02885
     0.78041    -0.00009    -0.02046    -0.00843    -0.02898
     0.79041    -0.00010    -0.02063    -0.00950    -0.03023
     0.80041    -0.00010    -0.02164    -0.01078    -0.03252
     0.81041    -0.00011    -0.02325    -0.01202    -0.03538
     0.82041    -0.00012    -0.02502    -0.01300    -0.03814
     0.83041    -0.00013    -0.02654    -0.01353    -0.04020
     0.84041    -0.00014    -0.02749    -0.01355    -0.04118
     0.85041    -0.00014    -0.02763    -0.01310    -0.04087
     0.86041    -0.00014    -0.02685    -0.01233    -0.03932
     0.87041    -0.00013    -0.02508    -0.01141    -0.03662
     0.88041    -0.00012    -0.02242    -0.01061    -0.03315
     0.89041    -0.00011    -0.01908    -0.01023    -0.02942
     0.90041    -0.00009    -0.01544    -0.01064    -0.02617
     0.91141    -0.00008    -0.01193    -0.01215    -0.02416
     0.92141    -0.00007    -0.00892    -0.01490    -0.02389
     0.93141    -0.00007    -0.00662    -0.01876    -0.02546
     0.94141    -0.00007    -0.00506    -0.02321    -0.02834
     0.95141    -0.00008    -0.00408    -0.02747    -0.03163
     0.96141    -0.00008    -0.00348    -0.03065    -0.03421
     0.97141    -0.00008    -0.00303    -0.03203    -0.03514
     0.98141    -0.00008    -0.00261    -0.03126    -0.03395
     0.99141    -0.00007    -0.00216    -0.02848    -0.03071
     1.00141    -0.00006    -0.00170    -0.02422    -0.02598
     1.01141    -0.00005    -0.00128    -0.01928    -0.02061
     1.02141    -0.00004    -0.00095    -0.01446    -0.01546
     1.03141    -0.00004    -0.00075    -0.01037    -0.01116
     1.04141    -0.00004    -0.00067    -0.00737    -0.00808
     1.05141    -0.00004    -0.00071    -0.00559    -0.00635
     1.06141    -0.00005    -0.00083    -0.00495    -0.00583
     1.07141    -0.00006    -0.00097    -0.00527    -0.00631
     1.08141    -0.00007    -0.00110    -0.00630    -0.00748
     1.09141    -0.00008    -0.00117    -0.00776    -0.00900
     1.10141    -0.00008    -0.00116    -0.00931    -0.01055
     1.11141    -0.00008    -0.00107    -0.01063    -0.01178
     1.12141    -0.00007    -0.00092    -0.01142    -0.01241
     1.13141    -0.00006    -0.00074    -0.01147    -0.01227
     1.14141    -0.00005    -0.00056    -0.01075    -0.01135
     1.15141    -0.00004    -0.00039    -0.00936    -0.00979
     1.16141    -0.00003    -0.00026    -0.00758    -0.00786
     1.17141    -0.00002    -0.00016    -0.00568    -0.00586
     1.18141    -0.00001    -0.00010    -0.00395    -0.00406
     1.19141    -0.00001    -0.00005    -0.00254    -0.00260
     1.20141    -0.00000    -0.00003    -0.00151    -0.00154
     1.21141    -0.00000    -0.00001    -0.00083    -0.00085
     1.22141    -0.00000    -0.00001    -0.00042    -0.00043
     1.23141    -0.00000    -0.00000    -0.00020    -0.00020
     1.24141    -0.00000    -0.00000    -0.00009    -0.00009
     1.25141    -0.00000    -0.00000    -0.00003    -0.00004
     1.26141    -0.00000    -0.00000    -0.00001    -0.00001
     1.27141    -0.00000    -0.00000    -0.00000    -0.00000
     1.28141    -0.00000    -0.00000    -0.00000    -0.00000
     1.29141    -0.00000    -0.00000    -0.00000    -0.00000
     1.30141    -0.00000    -0.00000    -0.00001    -0.00001
     1.31141    -0.00000    -0.00000    -0.00002    -0.00002
     1.32141    -0.00000    -0.00000    -0.00007    -0.00007
     1.33141    -0.00000    -0.00001    -0.00017    -0.00018
     1.34141    -0.00000    -0.00003    -0.00041    -0.00043
     1.35141    -0.00000    -0.00006    -0.00091    -0.00097
     1.36141    -0.00000    -0.00012    -0.00186    -0.00198
     1.37141    -0.00000    -0.00022    -0.00353    -0.00375
     1.38141    -0.00000    -0.00038    -0.00618    -0.00656
     1.39141    -0.00000    -0.00062    -0.00999    -0.01061
     1.40141    -0.00000    -0.00092    -0.01491    -0.01583
     1.41141    -0.00000    -0.00127    -0.02054    -0.02181
     1.42141    -0.00000    -0.00162    -0.02614    -0.02776
     1.43141    -0.00000    -0.00191    -0.03074    -0.03265
     1.44141    -0.00000    -0.00208    -0.03339    -0.03547
     1.45141    -0.00000    -0.00211    -0.03353    -0.03564
     1.46141    -0.00000    -0.00199    -0.03118    -0.03317
     1.47141    -0.00000    -0.00178    -0.02691    -0.02869
     1.48141    -0.00000    -0.00154    -0.02167    -0.02321
     1.49141    -0.00000    -0.00132    -0.01648    -0.01781
     1.50141    -0.00000    -0.00118    -0.01206    -0.01324
     1.51141    -0.00000    -0.00112    -0.00878    -0.00990
     1.52141    -0.00000    -0.00111    -0.00659    -0.00770
     1.53141    -0.00000    -0.00111    -0.00524    -0.00635
     1.54141    -0.00000    -0.00108    -0.00438    -0.00546
     1.55141    -0.00000    -0.00101    -0.00371    -0.00472
     1.56141    -0.00000    -0.00088    -0.00308    -0.00396
     1.57141    -0.00000    -0.00071    -0.00244    -0.00315
     1.58141    -0.00000    -0.00054    -0.00181    -0.00235
     1.59141    -0.00000    -0.00037    -0.00125    -0.00163
     1.60141    -0.00000    -0.00025    -0.00081    -0.00106
     1.61141    -0.00000    -0.00016    -0.00049    -0.00065
     1.62141    -0.00000    -0.00013    -0.00029    -0.00042
     1.63141    -0.00000    -0.00016    -0.00019    -0.00035
     1.64141    -0.00000    -0.00025    -0.00018    -0.00043
     1.65141    -0.00000    -0.00044    -0.00025    -0.00069
     1.66141    -0.00000    -0.00074    -0.00039    -0.00113
     1.67141    -0.00001    -0.00116    -0.00060    -0.00177
     1.68141    -0.00001    -0.00170    -0.00088    -0.00258
     1.69141    -0.00001    -0.00229    -0.00119    -0.00348
     1.70141    -0.00001    -0.00284    -0.00149    -0.00435
     1.71141    -0.00002    -0.00327    -0.00176    -0.00504
     1.72141    -0.00002    -0.00347    -0.00197    -0.00545
     1.73141    -0.00002    -0.00340    -0.00216    -0.00558
     1.74141    -0.00002    -0.00308    -0.00245    -0.00554
     1.75141    -0.00001    -0.00258    -0.00301    -0.00560
     1.76141    -0.00001    -0.00199    -0.00405    -0.00605
     1.77141    -0.00001    -0.00143    -0.00576    -0.00720
     1.78141    -0.00001    -0.00096    -0.00823    -0.00920
     1.79141    -0.00001    -0.00062    -0.01135    -0.01197
     1.80141    -0.00001    -0.00039    -0.01481    -0.01521
     1.81141    -0.00001    -0.00028    -0.01816    -0.01845
     1.82141    -0.00001    -0.00024    -0.02094    -0.02120
     1.83141    -0.00001    -0.00027    -0.02282    -0.02310
     1.84141    -0.00002    -0.00034    -0.02372    -0.02408
     1.85141    -0.00002    -0.00044    -0.02383    -0.02429
     1.86141    -0.00002    -0.00057    -0.02345    -0.02404
     1.87141    -0.00002    -0.00071    -0.02288    -0.02361
     1.88141    -0.00003    -0.00084    -0.02225    -0.02312
     1.89141    -0.00003    -0.00095    -0.02155    -0.02253
     1.90141    -0.00003    -0.00103    -0.02067    -0.02173
     1.91241    -0.00003    -0.00107    -0.01952    -0.02063
     1.92241    -0.00003    -0.00107    -0.01804    -0.01915
     1.93241    -0.00003    -0.00104    -0.01627    -0.01734
     1.94241    -0.00003    -0.00097    -0.01428    -0.01528
     1.95241    -0.00003    -0.00087    -0.01216    -0.01306
     1.96241    -0.00003    -0.00074    -0.01000    -0.01077
     1.97241    -0.00003    -0.00061    -0.00791    -0.00855
     1.98241    -0.00002    -0.00048    -0.00600    -0.00650
     1.99241    -0.00002    -0.00036    -0.00438    -0.00476
     2.00241    -0.00001    -0.00028    -0.00312    -0.00341
     2.01241    -0.00001    -0.00022    -0.00228    -0.00250
     2.02241    -0.00000    -0.00020    -0.00184    -0.00204
     2.03241    -0.00000    -0.00020    -0.00176    -0.00197
     2.04241    -0.00000    -0.00022    -0.00203    -0.00225
     2.05241    -0.00000    -0.00025    -0.00263    -0.00288
     2.06241    -0.00000    -0.00027    -0.00365    -0.00392
     2.07241    -0.00000    -0.00028    -0.00520    -0.00548
     2.08241    -0.00000    -0.00027    -0.00743    -0.00770
     2.09241    -0.00000    -0.00025    -0.01041    -0.01066
     2.10241    -0.00000    -0.00023    -0.01401    -0.01424
     2.11241    -0.00000    -0.00021    -0.01789    -0.01810
     2.12241    -0.00000    -0.00019    -0.02153    -0.02172
     2.13241    -0.00000    -0.00018    -0.02437    -0.02455
     2.14241    -0.00000    -0.00017    -0.02612    -0.02629
     2.15241    -0.00000    -0.00017    -0.02690    -0.02708
     2.16241    -0.00000    -0.00018    -0.02732    -0.02751
     2.17241    -0.00001    -0.00020    -0.02829    -0.02850
     2.18241    -0.00001    -0.00023    -0.03068    -0.03092
     2.19241    -0.00001    -0.00026    -0.03492    -0.03520
     2.20241    -0.00002    -0.00030    -0.04074    -0.04106
     2.21241    -0.00002    -0.00034    -0.04715    -0.04750
     2.22241    -0.00002    -0.00036    -0.05267    -0.05304
     2.23241    -0.00002    -0.00036    -0.05583    -0.05621
     2.24241    -0.00002    -0.00034    -0.05564    -0.05599
     2.25241    -0.00001    -0.00030    -0.05190    -0.05221
     2.26241    -0.00001    -0.00025    -0.04523    -0.04549
     2.27241    -0.00001    -0.00019    -0.03681    -0.03701
     2.28241    -0.00001    -0.00014    -0.02800    -0.02815
     2.29241    -0.00000    -0.00010    -0.01994    -0.02004
     2.30241    -0.00000    -0.00006    -0.01340    -0.01346
     2.31241    -0.00000    -0.00004    -0.00870    -0.00874
     2.32241    -0.00000    -0.00003    -0.00592    -0.00595
     2.33241    -0.00000    -0.00003    -0.00507    -0.00510
     2.34241    -0.00000    -0.00005    -0.00628    -0.00633
     2.35241    -0.00000    -0.00008    -0.00986    -0.00994
     2.36241    -0.00000    -0.00014    -0.01628    -0.01642
     2.37241    -0.00000    -0.00022    -0.02597    -0.02619
     2.38241    -0.00000    -0.00032    -0.03899    -0.03931
     2.39241    -0.00000    -0.00044    -0.05479    -0.05523
     2.40241    -0.00000    -0.00057    -0.07201    -0.07258
     2.41241    -0.00000    -0.00069    -0.08855    -0.08924
     2.42241    -0.00001    -0.00078    -0.10190    -0.10269
     2.43241    -0.00001    -0.00083    -0.10980    -0.11064
     2.44241    -0.00001    -0.00083    -0.11080    -0.11164
     2.45241    -0.00001    -0.00078    -0.10480    -0.10559
     2.46241    -0.00001    -0.00069    -0.09305    -0.09375
     2.47241    -0.00001    -0.00057    -0.07789    -0.07847
     2.48241    -0.00001    -0.00045    -0.06214    -0.06260
     2.49241    -0.00001    -0.00034    -0.04829    -0.04864
     2.50241    -0.00001    -0.00025    -0.03799    -0.03825
     2.51241    -0.00001    -0.00019    -0.03172    -0.03192
     2.52241    -0.00001    -0.00016    -0.02892    -0.02909
     2.53241    -0.00001    -0.00015    -0.02837    -0.02853
     2.54241    -0.00002    -0.00015    -0.02866    -0.02883
     2.55241    -0.00002    -0.00017    -0.02863    -0.02881
     2.56241    -0.00002    -0.00019    -0.02764    -0.02784
     2.57241    -0.00002    -0.00020    -0.02559    -0.02581
     2.58241    -0.00002    -0.00022    -0.02277    -0.02301
     2.59241    -0.00001    -0.00023    -0.01959    -0.01983
     2.60241    -0.00001    -0.00023    -0.01645    -0.01669
     2.61241    -0.00001    -0.00022    -0.01355    -0.01378
     2.62241    -0.00001    -0.00020    -0.01101    -0.01122
     2.63241    -0.00001    -0.00018    -0.00886    -0.00905
     2.64241    -0.00001    -0.00016    -0.00714    -0.00731
     2.65241    -0.00001    -0.00016    -0.00585    -0.00601
     2.66241    -0.00001    -0.00018    -0.00497    -0.00516
     2.67241    -0.00001    -0.00026    -0.00443    -0.00471
     2.68241    -0.00002    -0.00043    -0.00412    -0.00456
     2.69241    -0.00002    -0.00071    -0.00392    -0.00465
     2.70241    -0.00002    -0.00117    -0.00376    -0.00495
     2.71241    -0.00002    -0.00183    -0.00361    -0.00546
     2.72241    -0.00002    -0.00274    -0.00350    -0.00626
     2.73241    -0.00001    -0.00386    -0.00348    -0.00736
     2.74241    -0.00001    -0.00513    -0.00360    -0.00874
     2.75241    -0.00001    -0.00640    -0.00387    -0.01028
     2.76241    -0.00001    -0.00750    -0.00429    -0.01180
     2.77241    -0.00001    -0.00823    -0.00486    -0.01311
     2.78241    -0.00001    -0.00847    -0.00558    -0.01407
     2.79241    -0.00001    -0.00819    -0.00645    -0.01465
     2.80241    -0.00001    -0.00747    -0.00743    -0.01491
     2.81241    -0.00001    -0.00649    -0.00846    -0.01496
     2.82241    -0.00001    -0.00543    -0.00941    -0.01485
     2.83241    -0.00001    -0.00446    -0.01008    -0.01455
     2.84241    -0.00001    -0.00365    -0.01032    -0.01399
     2.85241    -0.00001    -0.00302    -0.01005    -0.01309
     2.86241    -0.00001    -0.00254    -0.00931    -0.01186
     2.87241    -0.00001    -0.00214    -0.00828    -0.01043
     2.88241    -0.00001    -0.00181    -0.00722    -0.00904
     2.89241    -0.00000    -0.00152    -0.00646    -0.00799
     2.90241    -0.00000    -0.00129    -0.00632    -0.00761
     2.91341    -0.00000    -0.00112    -0.00707    -0.00819
     2.92341    -0.00000    -0.00104    -0.00897    -0.01001
     2.93341    -0.00000    -0.00107    -0.01216    -0.01323
     2.94341    -0.00000    -0.00119    -0.01663    -0.01782
     2.95341    -0.00000    -0.00140    -0.02207    -0.02347
     2.96341    -0.00000    -0.00166    -0.02788    -0.02954
     2.97341    -0.00000    -0.00192    -0.03324    -0.03516
     2.98341    -0.00000    -0.00216    -0.03734    -0.03950
     2.99341    -0.00000    -0.00235    -0.03967    -0.04202
     3.00341    -0.00000    -0.00248    -0.04020    -0.04268
     3.01341    -0.00000    -0.00259    -0.03945    -0.04204
     3.02341    -0.00000    -0.00269    -0.03818    -0.04087
     3.03341    -0.00000    -0.00281    -0.03713    -0.03994
     3.04341    -0.00000    -0.00294    -0.03668    -0.03962
     3.05341    -0.00000    -0.00304    -0.03677    -0.03981
     3.06341    -0.00001    -0.00308    -0.03699    -0.04007
     3.07341    -0.00001    -0.00302    -0.03681    -0.03984
     3.08341    -0.00001    -0.00288    -0.03579    -0.03868
     3.09341    -0.00001    -0.00265    -0.03373    -0.03640
     3.10341    -0.00002    -0.00237    -0.03070    -0.03309
     3.11341    -0.00002    -0.00206    -0.02698    -0.02906
     3.12341    -0.00002    -0.00175    -0.02299    -0.02477
     3.13341    -0.00002    -0.00146    -0.01918    -0.02066
     3.14341    -0.00002    -0.00119    -0.01596    -0.01718
     3.15341    -0.00002    -0.00097    -0.01362    -0.01461
     3.16341    -0.00003    -0.00079    -0.01224    -0.01305
     3.17341    -0.00003    -0.00065    -0.01168    -0.01236
     3.18341    -0.00003    -0.00056    -0.01165    -0.01224
     3.19341    -0.00003    -0.00049    -0.01174    -0.01226
     3.20341    -0.00002    -0.00044    -0.01163    -0.01209
     3.21341    -0.00002    -0.00039    -0.01116    -0.01157
     3.22341    -0.00002    -0.00034    -0.01039    -0.01075
     3.23341    -0.00002    -0.00030    -0.00961    -0.00993
     3.24341    -0.00001    -0.00029    -0.00918    -0.00948
     3.25341    -0.00001    -0.00032    -0.00944    -0.00977
     3.26341    -0.00001    -0.00042    -0.01066    -0.01108
     3.27341    -0.00000    -0.00061    -0.01295    -0.01356
     3.28341    -0.00000    -0.00091    -0.01636    -0.01727
     3.29341    -0.00000    -0.00132    -0.02081    -0.02213
     3.30341    -0.00000    -0.00181    -0.02615    -0.02796
     3.31341    -0.00001    -0.00233    -0.03201    -0.03434
     3.32341    -0.00001    -0.00280    -0.03779    -0.04060
     3.33341    -0.00001    -0.00314    -0.04267    -0.04582
     3.34341    -0.00001    -0.00331    -0.04575    -0.04907
     3.35341    -0.00001    -0.00328    -0.04634    -0.04963
     3.36341    -0.00002    -0.00309    -0.04422    -0.04732
     3.37341    -0.00002    -0.00282    -0.03973    -0.04256
     3.38341    -0.00002    -0.00258    -0.03382    -0.03641
     3.39341    -0.00001    -0.00246    -0.02773    -0.03021
     3.40341    -0.00001    -0.00255    -0.02275    -0.02532
     3.41341    -0.00001    -0.00286    -0.01989    -0.02276
     3.42341    -0.00001    -0.00334    -0.01971    -0.02306
     3.43341    -0.00002    -0.00389    -0.02216    -0.02606
     3.44341    -0.00002    -0.00436    -0.02663    -0.03101
     3.45341    -0.00002    -0.00462    -0.03199    -0.03664
     3.46341    -0.00003    -0.00459    -0.03687    -0.04148
     3.47341    -0.00003    -0.00425    -0.04005    -0.04433
     3.48341    -0.00003    -0.00367    -0.04079    -0.04449
     3.49341    -0.00003    -0.00298    -0.03924    -0.04225
     3.50341    -0.00003    -0.00232    -0.03641    -0.03875
     3.51341    -0.00003    -0.00178    -0.03412    -0.03592
     3.52341    -0.00003    -0.00142    -0.03459    -0.03604
     3.53341    -0.00003    -0.00126    -0.04006    -0.04135
     3.54341    -0.00003    -0.00127    -0.05229    -0.05359
     3.55341    -0.00004    -0.00141    -0.07211    -0.07356
     3.56341    -0.00005    -0.00163    -0.09897    -0.10065
     3.57341    -0.00006    -0.00190    -0.13080    -0.13276
     3.58341    -0.00007    -0.00222    -0.16420    -0.16648
     3.59341    -0.00008    -0.00259    -0.19530    -0.19796
     3.60341    -0.00009    -0.00307    -0.22070    -0.22386
     3.61341    -0.00009    -0.00375    -0.23840    -0.24224
     3.62341    -0.00009    -0.00469    -0.24830    -0.25308
     3.63341    -0.00009    -0.00594    -0.25160    -0.25763
     3.64341    -0.00009    -0.00747    -0.25010    -0.25765
     3.65341    -0.00008    -0.00915    -0.24560    -0.25483
     3.66341    -0.00007    -0.01081    -0.24000    -0.25088
     3.67341    -0.00006    -0.01224    -0.23710    -0.24940
     3.68341    -0.00005    -0.01330    -0.24520    -0.25855
     3.69341    -0.00005    -0.01395    -0.27970    -0.29370
     3.70341    -0.00004    -0.01424    -0.36630    -0.38058
     3.71341    -0.00004    -0.01425    -0.54240    -0.55669
     3.72341    -0.00004    -0.01409    -0.85510    -0.86923
     3.73341    -0.00005    -0.01379    -1.35300    -1.36684
     3.74341    -0.00006    -0.01340    -2.06900    -2.08246
     3.75341    -0.00008    -0.01291    -2.99600    -3.00899
     3.76341    -0.00010    -0.01235    -4.06900    -4.08145
     3.77341    -0.00012    -0.01171    -5.15200    -5.16383
     3.78341    -0.00014    -0.01098    -6.06500    -6.07612
     3.79341    -0.00015    -0.01012    -6.62500    -6.63527
     3.80341    -0.00015    -0.00911    -6.71000    -6.71926
     3.81341    -0.00014    -0.00796    -6.29500    -6.30311
     3.82341    -0.00013    -0.00674    -5.46900    -5.47587
     3.83341    -0.00011    -0.00558    -4.40000    -4.40569
     3.84341    -0.00008    -0.00464    -3.27800    -3.28272
     3.85341    -0.00006    -0.00404    -2.26300    -2.26710
     3.86341    -0.00004    -0.00387    -1.44900    -1.45291
     3.87341    -0.00003    -0.00410    -0.86330    -0.86743
     3.88341    -0.00002    -0.00463    -0.48240    -0.48705
     3.89341    -0.00002    -0.00530    -0.25780    -0.26312
     3.90341    -0.00002    -0.00595    -0.13800    -0.14397
     3.91441    -0.00003    -0.00645    -0.08099    -0.08746
     3.92441    -0.00003    -0.00670    -0.05765    -0.06438
     3.93441    -0.00004    -0.00667    -0.05029    -0.05699
     3.94441    -0.00004    -0.00637    -0.04908    -0.05549
     3.95441    -0.00004    -0.00585    -0.04896    -0.05485
     3.96441    -0.00004    -0.00516    -0.04755    -0.05274
     3.97441    -0.00003    -0.00435    -0.04404    -0.04842
     3.98441    -0.00003    -0.00350    -0.03857    -0.04210
     3.99441    -0.00002    -0.00269    -0.03192    -0.03464
     4.00441    -0.00002    -0.00200    -0.02506    -0.02708
     4.01441    -0.00002    -0.00146    -0.01891    -0.02039
     4.02441    -0.00002    -0.00111    -0.01406    -0.01519
     4.03441    -0.00002    -0.00094    -0.01067    -0.01163
     4.04441    -0.00002    -0.00093    -0.00857    -0.00953
     4.05441    -0.00003    -0.00104    -0.00743    -0.00850
     4.06441    -0.00003    -0.00122    -0.00691    -0.00816
     4.07441    -0.00003    -0.00146    -0.00684    -0.00833
     4.08441    -0.00003    -0.00176    -0.00730    -0.00909
     4.09441    -0.00003    -0.00216    -0.00853    -0.01073
     4.10441    -0.00003    -0.00273    -0.01090    -0.01366
     4.11441    -0.00004    -0.00353    -0.01464    -0.01821
     4.12441    -0.00005    -0.00460    -0.01970    -0.02435
     4.13441    -0.00007    -0.00589    -0.02562    -0.03158
     4.14441    -0.00008    -0.00727    -0.03154    -0.03890
     4.15441    -0.00010    -0.00856    -0.03641    -0.04507
     4.16441    -0.00011    -0.00955    -0.03929    -0.04895
     4.17441    -0.00011    -0.01010    -0.03968    -0.04989
     4.18441    -0.00012    -0.01016    -0.03774    -0.04802
     4.19441    -0.00012    -0.00981    -0.03426    -0.04420
     4.20441    -0.00014    -0.00926    -0.03040    -0.03980
     4.21441    -0.00017    -0.00872    -0.02733    -0.03621
     4.22441    -0.00021    -0.00836    -0.02585    -0.03442
     4.23441    -0.00026    -0.00827    -0.02621    -0.03475
     4.24441    -0.00032    -0.00841    -0.02804    -0.03677
     4.25441    -0.00038    -0.00866    -0.03059    -0.03962
     4.26441    -0.00042    -0.00895    -0.03296    -0.04233
     4.27441    -0.00044    -0.00928    -0.03439    -0.04412
     4.28441    -0.00044    -0.00978    -0.03447    -0.04469
     4.29441    -0.00042    -0.01058    -0.03316    -0.04416
     4.30441    -0.00037    -0.01177    -0.03071    -0.04285
     4.31441    -0.00032    -0.01327    -0.02753    -0.04112
     4.32441    -0.00026    -0.01483    -0.02404    -0.03913
     4.33441    -0.00020    -0.01609    -0.02064    -0.03693
     4.34441    -0.00014    -0.01674    -0.01763    -0.03451
     4.35441    -0.00010    -0.01664    -0.01522    -0.03196
     4.36441    -0.00008    -0.01591    -0.01356    -0.02955
     4.37441    -0.00006    -0.01480    -0.01272    -0.02758
     4.38441    -0.00005    -0.01363    -0.01263    -0.02631
     4.39441    -0.00005    -0.01263    -0.01315    -0.02583
     4.40441    -0.00006    -0.01185    -0.01403    -0.02594
     4.41441    -0.00006    -0.01123    -0.01504    -0.02633
     4.42441    -0.00008    -0.01064    -0.01601    -0.02673
     4.43441    -0.00009    -0.00998    -0.01690    -0.02698
     4.44441    -0.00012    -0.00924    -0.01777    -0.02714
     4.45441    -0.00016    -0.00850    -0.01878    -0.02744
     4.46441    -0.00022    -0.00785    -0.02004    -0.02811
     4.47441    -0.00029    -0.00737    -0.02160    -0.02926
     4.48441    -0.00037    -0.00708    -0.02339    -0.03085
     4.49441    -0.00046    -0.00693    -0.02524    -0.03262
     4.50441    -0.00053    -0.00682    -0.02698    -0.03433
     4.51441    -0.00059    -0.00668    -0.02848    -0.03575
     4.52441    -0.00064    -0.00643    -0.02967    -0.03674
     4.53441    -0.00067    -0.00607    -0.03058    -0.03733
     4.54441    -0.00070    -0.00562    -0.03124    -0.03756
     4.55441    -0.00071    -0.00513    -0.03165    -0.03749
     4.56441    -0.00072    -0.00464    -0.03171    -0.03707
     4.57441    -0.00072    -0.00419    -0.03121    -0.03611
     4.58441    -0.00069    -0.00380    -0.02993    -0.03442
     4.59441    -0.00064    -0.00350    -0.02775    -0.03189
     4.60441    -0.00056    -0.00331    -0.02468    -0.02855
     4.61441    -0.00047    -0.00330    -0.02101    -0.02478
     4.62441    -0.00037    -0.00357    -0.01716    -0.02110
     4.63441    -0.00027    -0.00424    -0.01367    -0.01818
     4.64441    -0.00019    -0.00542    -0.01101    -0.01663
     4.65441    -0.00014    -0.00715    -0.00950    -0.01678
     4.66441    -0.00010    -0.00931    -0.00925    -0.01866
     4.67441    -0.00009    -0.01168    -0.01018    -0.02195
     4.68441    -0.00011    -0.01396    -0.01203    -0.02610
     4.69441    -0.00015    -0.01584    -0.01446    -0.03045
     4.70441    -0.00021    -0.01714    -0.01715    -0.03450
     4.71441    -0.00029    -0.01785    -0.01981    -0.03795
     4.72441    -0.00039    -0.01811    -0.02228    -0.04078
     4.73441    -0.00049    -0.01817    -0.02449    -0.04315
     4.74441    -0.00060    -0.01823    -0.02642    -0.04525
     4.75441    -0.00070    -0.01845    -0.02808    -0.04723
     4.76441    -0.00079    -0.01886    -0.02944    -0.04909
     4.77441    -0.00086    -0.01943    -0.03042    -0.05071
     4.78441    -0.00090    -0.02013    -0.03091    -0.05194
     4.79441    -0.00091    -0.02096    -0.03078    -0.05265
     4.80441    -0.00088    -0.02202    -0.02999    -0.05289
     4.81441    -0.00082    -0.02338    -0.02858    -0.05278
     4.82441    -0.00073    -0.02508    -0.02673    -0.05254
     4.83441    -0.00063    -0.02699    -0.02470    -0.05232
     4.84441    -0.00052    -0.02882    -0.02275    -0.05209
     4.85441    -0.00041    -0.03016    -0.02107    -0.05164
     4.86441    -0.00032    -0.03063    -0.01974    -0.05069
     4.87441    -0.00024    -0.02994    -0.01869    -0.04887
     4.88441    -0.00018    -0.02803    -0.01775    -0.04596
     4.89441    -0.00014    -0.02505    -0.01671    -0.04190
     4.90441    -0.00011    -0.02132    -0.01541    -0.03684
     4.91541    -0.00008    -0.01729    -0.01375    -0.03112
     4.92541    -0.00006    -0.01340    -0.01179    -0.02525
     4.93541    -0.00006    -0.01006    -0.00971    -0.01983
     4.94541    -0.00006    -0.00755    -0.00776    -0.01536
     4.95541    -0.00007    -0.00602    -0.00616    -0.01226
     4.96541    -0.00010    -0.00550    -0.00511    -0.01071
     4.97541    -0.00013    -0.00589    -0.00464    -0.01067
     4.98541    -0.00017    -0.00702    -0.00470    -0.01189
     4.99541    -0.00022    -0.00865    -0.00512    -0.01399
     5.00541    -0.00026    -0.01060    -0.00572    -0.01658
     5.01541    -0.00029    -0.01273    -0.00631    -0.01933
     5.02541    -0.00031    -0.01501    -0.00680    -0.02212
     5.03541    -0.00033    -0.01744    -0.00714    -0.02491
     5.04541    -0.00033    -0.02002    -0.00736    -0.02771
     5.05541    -0.00033    -0.02264    -0.00748    -0.03045
     5.06541    -0.00033    -0.02507    -0.00753    -0.03293
     5.07541    -0.00032    -0.02702    -0.00754    -0.03489
     5.08541    -0.00031    -0.02822    -0.00757    -0.03610
     5.09541    -0.00029    -0.02858    -0.00774    -0.03661
     5.10541    -0.00027    -0.02820    -0.00828    -0.03675
     5.11541    -0.00025    -0.02730    -0.00948    -0.03703
     5.12541    -0.00025    -0.02616    -0.01168    -0.03809
     5.13541    -0.00027    -0.02498    -0.01511    -0.04036
     5.14541    -0.00031    -0.02386    -0.01987    -0.04404
     5.15541    -0.00040    -0.02283    -0.02581    -0.04904
     5.16541    -0.00055    -0.02191    -0.03255    -0.05501
     5.17541    -0.00075    -0.02113    -0.03953    -0.06141
     5.18541    -0.00101    -0.02051    -0.04619    -0.06771
     5.19541    -0.00134    -0.02007    -0.05199    -0.07340
     5.20541    -0.00170    -0.01978    -0.05652    -0.07800
     5.21541    -0.00206    -0.01959    -0.05946    -0.08111
     5.22541    -0.00238    -0.01945    -0.06055    -0.08238
     5.23541    -0.00260    -0.01939    -0.05965    -0.08164
     5.24541    -0.00268    -0.01951    -0.05677    -0.07896
     5.25541    -0.00261    -0.01999    -0.05218    -0.07478
     5.26541    -0.00241    -0.02107    -0.04637    -0.06985
     5.27541    -0.00212    -0.02289    -0.04001    -0.06502
     5.28541    -0.00179    -0.02543    -0.03371    -0.06093
     5.29541    -0.00147    -0.02842    -0.02795    -0.05784
     5.30541    -0.00118    -0.03135    -0.02299    -0.05552
     5.31541    -0.00093    -0.03359    -0.01886    -0.05338
     5.32541    -0.00073    -0.03461    -0.01551    -0.05085
     5.33541    -0.00058    -0.03416    -0.01282    -0.04756
     5.34541    -0.00046    -0.03235    -0.01069    -0.04350
     5.35541    -0.00037    -0.02959    -0.00905    -0.03901
     5.36541    -0.00030    -0.02643    -0.00781    -0.03453
     5.37541    -0.00024    -0.02333    -0.00687    -0.03044
     5.38541    -0.00020    -0.02059    -0.00615    -0.02694
     5.39541    -0.00017    -0.01826    -0.00557    -0.02400
     5.40541    -0.00016    -0.01630    -0.00506    -0.02152
     5.41541    -0.00016    -0.01462    -0.00462    -0.01939
     5.42541    -0.00017    -0.01317    -0.00427    -0.01761
     5.43541    -0.00020    -0.01200    -0.00408    -0.01628
     5.44541    -0.00025    -0.01118    -0.00414    -0.01557
     5.45541    -0.00033    -0.01077    -0.00455    -0.01564
     5.46541    -0.00043    -0.01078    -0.00539    -0.01660
     5.47541    -0.00058    -0.01119    -0.00675    -0.01851
     5.48541    -0.00076    -0.01198    -0.00865    -0.02139
     5.49541    -0.00099    -0.01309    -0.01108    -0.02516
     5.50541    -0.00125    -0.01451    -0.01388    -0.02964
     5.51541    -0.00152    -0.01616    -0.01683    -0.03451
     5.52541    -0.00177    -0.01799    -0.01958    -0.03934
     5.53541    -0.00197    -0.01986    -0.02180    -0.04363
     5.54541    -0.00208    -0.02169    -0.02322    -0.04699
     5.55541    -0.00210    -0.02335    -0.02372    -0.04917
     5.56541    -0.00204    -0.02477    -0.02338    -0.05019
     5.57541    -0.00191    -0.02581    -0.02241    -0.05013
     5.58541    -0.00175    -0.02635    -0.02110    -0.04920
     5.59541    -0.00159    -0.02620    -0.01968    -0.04747
     5.60541    -0.00145    -0.02524    -0.01829    -0.04498
     5.61541    -0.00133    -0.02346    -0.01696    -0.04175
     5.62541    -0.00123    -0.02104    -0.01569    -0.03796
     5.63541    -0.00113    -0.01830    -0.01446    -0.03389
     5.64541    -0.00103    -0.01564    -0.01330    -0.02997
     5.65541    -0.00093    -0.01342    -0.01227    -0.02662
     5.66541    -0.00082    -0.01185    -0.01142    -0.02409
     5.67541    -0.00072    -0.01096    -0.01079    -0.02247
     5.68541    -0.00063    -0.01068    -0.01039    -0.02170
     5.69541    -0.00055    -0.01088    -0.01020    -0.02163
     5.70541    -0.00048    -0.01144    -0.01020    -0.02212
     5.71541    -0.00044    -0.01230    -0.01032    -0.02306
     5.72541    -0.00043    -0.01345    -0.01050    -0.02438
     5.73541    -0.00045    -0.01482    -0.01069    -0.02596
     5.74541    -0.00050    -0.01631    -0.01089    -0.02770
     5.75541    -0.00059    -0.01769    -0.01115    -0.02943
     5.76541    -0.00070    -0.01870    -0.01152    -0.03092
     5.77541    -0.00085    -0.01910    -0.01206    -0.03201
     5.78541    -0.00101    -0.01879    -0.01276    -0.03256
     5.79541    -0.00118    -0.01782    -0.01352    -0.03252
     5.80541    -0.00133    -0.01642    -0.01419    -0.03194
     5.81541    -0.00144    -0.01493    -0.01463    -0.03100
     5.82541    -0.00150    -0.01370    -0.01472    -0.02992
     5.83541    -0.00150    -0.01295    -0.01444    -0.02889
     5.84541    -0.00145    -0.01280    -0.01382    -0.02807
     5.85541    -0.00135    -0.01318    -0.01293    -0.02746
     5.86541    -0.00122    -0.01399    -0.01184    -0.02705
     5.87541    -0.00109    -0.01517    -0.01064    -0.02690
     5.88541    -0.00096    -0.01672    -0.00943    -0.02711
     5.89541    -0.00087    -0.01872    -0.00831    -0.02791
     5.90541    -0.00083    -0.02120    -0.00743    -0.02946
     5.91641    -0.00085    -0.02413    -0.00692    -0.03189
     5.92641    -0.00093    -0.02730    -0.00687    -0.03510
     5.93641    -0.00106    -0.03038    -0.00733    -0.03877
     5.94641    -0.00124    -0.03300    -0.00825    -0.04249
     5.95641    -0.00142    -0.03484    -0.00954    -0.04580
     5.96641    -0.00160    -0.03572    -0.01102    -0.04834
     5.97641    -0.00177    -0.03556    -0.01256    -0.04989
     5.98641    -0.00190    -0.03446    -0.01407    -0.05043
     5.99641    -0.00202    -0.03262    -0.01556    -0.05020
     6.00641    -0.00215    -0.03036    -0.01712    -0.04963
     6.01641    -0.00229    -0.02800    -0.01888    -0.04917
     6.02641    -0.00247    -0.02585    -0.02091    -0.04923
     6.03641    -0.00267    -0.02409    -0.02310    -0.04986
     6.04641    -0.00287    -0.02275    -0.02517    -0.05079
     6.05641    -0.00301    -0.02173    -0.02672    -0.05146
     6.06641    -0.00307    -0.02089    -0.02739    -0.05135
     6.07641    -0.00302    -0.02016    -0.02694    -0.05012
     6.08641    -0.00287    -0.01962    -0.02546    -0.04795
     6.09641    -0.00265    -0.01943    -0.02327    -0.04535
     6.10641    -0.00242    -0.01978    -0.02085    -0.04305
     6.11641    -0.00223    -0.02073    -0.01868    -0.04164
     6.12641    -0.00213    -0.02219    -0.01708    -0.04140
     6.13641    -0.00211    -0.02387    -0.01619    -0.04217
     6.14641    -0.00216    -0.02541    -0.01595    -0.04352
     6.15641    -0.00228    -0.02651    -0.01620    -0.04499
     6.16641    -0.00243    -0.02704    -0.01677    -0.04623
     6.17641    -0.00261    -0.02705    -0.01754    -0.04720
     6.18641    -0.00282    -0.02676    -0.01847    -0.04805
     6.19641    -0.00309    -0.02639    -0.01960    -0.04908
     6.20641    -0.00344    -0.02611    -0.02098    -0.05053
     6.21641    -0.00387    -0.02595    -0.02272    -0.05255
     6.22641    -0.00439    -0.02581    -0.02483    -0.05503
     6.23641    -0.00497    -0.02553    -0.02729    -0.05779
     6.24641    -0.00556    -0.02502    -0.02997    -0.06055
     6.25641    -0.00610    -0.02429    -0.03269    -0.06308
     6.26641    -0.00654    -0.02353    -0.03519    -0.06526
     6.27641    -0.00684    -0.02299    -0.03722    -0.06705
     6.28641    -0.00696    -0.02297    -0.03858    -0.06851
     6.29641    -0.00690    -0.02365    -0.03909    -0.06964
     6.30641    -0.00667    -0.02506    -0.03870    -0.07043
     6.31641    -0.00628    -0.02703    -0.03743    -0.07074
     6.32641    -0.00577    -0.02922    -0.03539    -0.07039
     6.33641    -0.00519    -0.03115    -0.03278    -0.06911
     6.34641    -0.00455    -0.03233    -0.02976    -0.06664
     6.35641    -0.00390    -0.03239    -0.02651    -0.06280
     6.36641    -0.00326    -0.03123    -0.02317    -0.05766
     6.37641    -0.00266    -0.02910    -0.01985    -0.05161
     6.38641    -0.00212    -0.02658    -0.01667    -0.04537
     6.39641    -0.00165    -0.02443    -0.01377    -0.03985
     6.40641    -0.00127    -0.02333    -0.01130    -0.03590
     6.41641    -0.00099    -0.02364    -0.00940    -0.03403
     6.42641    -0.00082    -0.02528    -0.00815    -0.03425
     6.43641    -0.00076    -0.02768    -0.00758    -0.03602
     6.44641    -0.00079    -0.03008    -0.00759    -0.03847
     6.45641    -0.00089    -0.03171    -0.00802    -0.04062
     6.46641    -0.00100    -0.03215    -0.00861    -0.04177
     6.47641    -0.00110    -0.03139    -0.00911    -0.04160
     6.48641    -0.00114    -0.02984    -0.00927    -0.04025
     6.49641    -0.00111    -0.02812    -0.00899    -0.03822
     6.50641    -0.00101    -0.02685    -0.00827    -0.03612
     6.51641    -0.00086    -0.02645    -0.00722    -0.03453
     6.52641    -0.00070    -0.02708    -0.00605    -0.03383
     6.53641    -0.00056    -0.02860    -0.00495    -0.03411
     6.54641    -0.00045    -0.03059    -0.00409    -0.03513
     6.55641    -0.00039    -0.03251    -0.00356    -0.03645
     6.56641    -0.00037    -0.03373    -0.00336    -0.03746
     6.57641    -0.00039    -0.03378    -0.00349    -0.03766
     6.58641    -0.00045    -0.03246    -0.00388    -0.03679
     6.59641    -0.00054    -0.02991    -0.00449    -0.03494
     6.60641    -0.00065    -0.02660    -0.00528    -0.03253
     6.61641    -0.00078    -0.02314    -0.00620    -0.03012
     6.62641    -0.00092    -0.02010    -0.00720    -0.02822
     6.63641    -0.00108    -0.01786    -0.00821    -0.02715
     6.64641    -0.00125    -0.01656    -0.00919    -0.02700
     6.65641    -0.00144    -0.01613    -0.01012    -0.02768
     6.66641    -0.00165    -0.01638    -0.01101    -0.02904
     6.67641    -0.00188    -0.01706    -0.01187    -0.03081
     6.68641    -0.00213    -0.01792    -0.01264    -0.03269
     6.69641    -0.00234    -0.01874    -0.01323    -0.03431
     6.70641    -0.00249    -0.01934    -0.01350    -0.03533
     6.71641    -0.00255    -0.01961    -0.01332    -0.03548
     6.72641    -0.00249    -0.01957    -0.01270    -0.03476
     6.73641    -0.00237    -0.01930    -0.01176    -0.03343
     6.74641    -0.00224    -0.01895    -0.01079    -0.03198
     6.75641    -0.00222    -0.01862    -0.01016    -0.03100
     6.76641    -0.00239    -0.01836    -0.01024    -0.03099
     6.77641    -0.00284    -0.01814    -0.01131    -0.03229
     6.78641    -0.00359    -0.01788    -0.01347    -0.03494
     6.79641    -0.00461    -0.01753    -0.01659    -0.03873
     6.80641    -0.00579    -0.01707    -0.02034    -0.04320
     6.81641    -0.00697    -0.01648    -0.02420    -0.04765
     6.82641    -0.00796    -0.01579    -0.02760    -0.05135
     6.83641    -0.00861    -0.01502    -0.03001    -0.05364
     6.84641    -0.00880    -0.01418    -0.03105    -0.05403
     6.85641    -0.00851    -0.01327    -0.03064    -0.05242
     6.86641    -0.00783    -0.01234    -0.02897    -0.04913
     6.87641    -0.00688    -0.01146    -0.02648    -0.04482
     6.88641    -0.00585    -0.01075    -0.02375    -0.04035
     6.89641    -0.00491    -0.01032    -0.02140    -0.03663
     6.90641    -0.00420    -0.01020    -0.01987    -0.03427
     6.91741    -0.00378    -0.01035    -0.01939    -0.03352
     6.92741    -0.00364    -0.01065    -0.01985    -0.03413
     6.93741    -0.00372    -0.01091    -0.02090    -0.03553
     6.94741    -0.00393    -0.01096    -0.02202    -0.03691
     6.95741    -0.00417    -0.01068    -0.02269    -0.03754
     6.96741    -0.00434    -0.01010    -0.02256    -0.03700
     6.97741    -0.00438    -0.00931    -0.02151    -0.03520
     6.98741    -0.00426    -0.00847    -0.01966    -0.03239
     6.99741    -0.00400    -0.00776    -0.01731    -0.02907
     7.00741    -0.00362    -0.00733    -0.01478    -0.02574
     7.01741    -0.00320    -0.00730    -0.01237    -0.02286
     7.02741    -0.00277    -0.00777    -0.01028    -0.02082
     7.03741    -0.00239    -0.00887    -0.00862    -0.01988
     7.04741    -0.00209    -0.01079    -0.00742    -0.02031
     7.05741    -0.00191    -0.01368    -0.00670    -0.02228
     7.06741    -0.00186    -0.01764    -0.00643    -0.02593
     7.07741    -0.00198    -0.02263    -0.00662    -0.03123
     7.08741    -0.00230    -0.02839    -0.00726    -0.03795
     7.09741    -0.00284    -0.03443    -0.00836    -0.04563
     7.10741    -0.00363    -0.04010    -0.00994    -0.05367
     7.11741    -0.00469    -0.04466    -0.01204    -0.06139
     7.12741    -0.00604    -0.04744    -0.01472    -0.06820
     7.13741    -0.00764    -0.04807    -0.01799    -0.07370
     7.14741    -0.00948    -0.04655    -0.02183    -0.07786
     7.15741    -0.01146    -0.04339    -0.02610    -0.08095
     7.16741    -0.01346    -0.03942    -0.03053    -0.08341
     7.17741    -0.01534    -0.03564    -0.03473    -0.08571
     7.18741    -0.01689    -0.03279    -0.03825    -0.08793
     7.19741    -0.01795    -0.03122    -0.04064    -0.08981
     7.20741    -0.01839    -0.03075    -0.04161    -0.09075
     7.21741    -0.01815    -0.03085    -0.04105    -0.09005
     7.22741    -0.01731    -0.03083    -0.03911    -0.08725
     7.23741    -0.01600    -0.03017    -0.03614    -0.08231
     7.24741    -0.01442    -0.02864    -0.03256    -0.07562
     7.25741    -0.01274    -0.02636    -0.02876    -0.06786
     7.26741    -0.01108    -0.02368    -0.02504    -0.05980
     7.27741    -0.00950    -0.02101    -0.02156    -0.05207
     7.28741    -0.00801    -0.01870    -0.01840    -0.04512
     7.29741    -0.00663    -0.01698    -0.01559    -0.03920
     7.30741    -0.00534    -0.01596    -0.01318    -0.03448
     7.31741    -0.00418    -0.01570    -0.01120    -0.03108
     7.32741    -0.00316    -0.01621    -0.00970    -0.02907
     7.33741    -0.00233    -0.01745    -0.00863    -0.02841
     7.34741    -0.00168    -0.01925    -0.00794    -0.02887
     7.35741    -0.00121    -0.02127    -0.00749    -0.02997
     7.36741    -0.00090    -0.02308    -0.00713    -0.03111
     7.37741    -0.00072    -0.02419    -0.00677    -0.03168
     7.38741    -0.00065    -0.02432    -0.00634    -0.03131
     7.39741    -0.00069    -0.02348    -0.00587    -0.03003
     7.40741    -0.00084    -0.02205    -0.00545    -0.02834
     7.41741    -0.00115    -0.02069    -0.00526    -0.02710
     7.42741    -0.00171    -0.02014    -0.00548    -0.02733
     7.43741    -0.00263    -0.02106    -0.00632    -0.03001
     7.44741    -0.00406    -0.02377    -0.00800    -0.03582
     7.45741    -0.00612    -0.02812    -0.01064    -0.04488
     7.46741    -0.00889    -0.03355    -0.01428    -0.05672
     7.47741    -0.01227    -0.03913    -0.01876    -0.07016
     7.48741    -0.01603    -0.04384    -0.02371    -0.08358
     7.49741    -0.01978    -0.04689    -0.02859    -0.09526
     7.50741    -0.02308    -0.04793    -0.03282    -0.10383
     7.51741    -0.02550    -0.04716    -0.03590    -0.10856
     7.52741    -0.02680    -0.04516    -0.03754    -0.10950
     7.53741    -0.02689    -0.04263    -0.03773    -0.10725
     7.54741    -0.02590    -0.04010    -0.03666    -0.10266
     7.55741    -0.02409    -0.03778    -0.03463    -0.09650
     7.56741    -0.02176    -0.03560    -0.03201    -0.08937
     7.57741    -0.01927    -0.03333    -0.02915    -0.08175
     7.58741    -0.01695    -0.03081    -0.02637    -0.07413
     7.59741    -0.01509    -0.02803    -0.02398    -0.06710
     7.60741    -0.01388    -0.02515    -0.02217    -0.06120
     7.61741    -0.01339    -0.02240    -0.02105    -0.05684
     7.62741    -0.01351    -0.02000    -0.02057    -0.05408
     7.63741    -0.01398    -0.01809    -0.02050    -0.05257
     7.64741    -0.01447    -0.01670    -0.02056    -0.05173
     7.65741    -0.01466    -0.01580    -0.02042    -0.05088
     7.66741    -0.01434    -0.01538    -0.01986    -0.04958
     7.67741    -0.01349    -0.01546    -0.01882    -0.04777
     7.68741    -0.01222    -0.01608    -0.01743    -0.04573
     7.69741    -0.01080    -0.01725    -0.01594    -0.04399
     7.70741    -0.00950    -0.01896    -0.01468    -0.04314
     7.71741    -0.00855    -0.02118    -0.01391    -0.04364
     7.72741    -0.00807    -0.02385    -0.01378    -0.04570
     7.73741    -0.00807    -0.02694    -0.01429    -0.04930
     7.74741    -0.00844    -0.03037    -0.01531    -0.05412
     7.75741    -0.00904    -0.03396    -0.01662    -0.05962
     7.76741    -0.00969    -0.03734    -0.01793    -0.06496
     7.77741    -0.01025    -0.04001    -0.01899    -0.06925
     7.78741    -0.01062    -0.04142    -0.01959    -0.07163
     7.79741    -0.01077    -0.04117    -0.01964    -0.07158
     7.80741    -0.01071    -0.03922    -0.01916    -0.06909
     7.81741    -0.01047    -0.03591    -0.01827    -0.06465
     7.82741    -0.01009    -0.03187    -0.01714    -0.05910
     7.83741    -0.00962    -0.02780    -0.01593    -0.05334
     7.84741    -0.00905    -0.02426    -0.01476    -0.04807
     7.85741    -0.00839    -0.02154    -0.01369    -0.04362
     7.86741    -0.00766    -0.01960    -0.01271    -0.03997
     7.87741    -0.00685    -0.01816    -0.01182    -0.03683
     7.88741    -0.00602    -0.01692    -0.01096    -0.03390
     7.89741    -0.00520    -0.01563    -0.01013    -0.03096
     7.90741    -0.00444    -0.01425    -0.00930    -0.02799
     7.91841    -0.00377    -0.01295    -0.00848    -0.02520
     7.92841    -0.00322    -0.01207    -0.00769    -0.02298
     7.93841    -0.00280    -0.01206    -0.00696    -0.02183
     7.94841    -0.00253    -0.01340    -0.00633    -0.02227
     7.95841    -0.00243    -0.01644    -0.00587    -0.02474
     7.96841    -0.00251    -0.02136    -0.00562    -0.02949
     7.97841    -0.00280    -0.02802    -0.00566    -0.03648
     7.98841    -0.00330    -0.03586    -0.00599    -0.04515
     7.99841    -0.00400    -0.04395    -0.00658    -0.05453
     8.00841    -0.00485    -0.05118    -0.00734    -0.06337
     8.01841    -0.00577    -0.05655    -0.00813    -0.07045
     8.02841    -0.00667    -0.05950    -0.00882    -0.07500
     8.03841    -0.00751    -0.06006    -0.00932    -0.07688
     8.04841    -0.00827    -0.05877    -0.00956    -0.07660
     8.05841    -0.00904    -0.05639    -0.00958    -0.07501
     8.06841    -0.00995    -0.05361    -0.00948    -0.07304
     8.07841    -0.01116    -0.05084    -0.00942    -0.07142
     8.08841    -0.01288    -0.04820    -0.00956    -0.07064
     8.09841    -0.01525    -0.04576    -0.01007    -0.07108
     8.10841    -0.01832    -0.04360    -0.01104    -0.07296
     8.11841    -0.02203    -0.04194    -0.01253    -0.07650
     8.12841    -0.02617    -0.04098    -0.01445    -0.08160
     8.13841    -0.03038    -0.04080    -0.01666    -0.08784
     8.14841    -0.03430    -0.04123    -0.01893    -0.09446
     8.15841    -0.03764    -0.04194    -0.02100    -0.10058
     8.16841    -0.04026    -0.04253    -0.02266    -0.10545
     8.17841    -0.04219    -0.04274    -0.02378    -0.10871
     8.18841    -0.04354    -0.04249    -0.02431    -0.11034
     8.19841    -0.04441    -0.04191    -0.02427    -0.11059
     8.20841    -0.04476    -0.04122    -0.02374    -0.10972
     8.21841    -0.04445    -0.04062    -0.02285    -0.10792
     8.22841    -0.04326    -0.04022    -0.02173    -0.10521
     8.23841    -0.04110    -0.04006    -0.02051    -0.10167
     8.24841    -0.03801    -0.04012    -0.01928    -0.09741
     8.25841    -0.03423    -0.04041    -0.01811    -0.09275
     8.26841    -0.03012    -0.04093    -0.01699    -0.08804
     8.27841    -0.02606    -0.04164    -0.01592    -0.08362
     8.28841    -0.02235    -0.04245    -0.01488    -0.07968
     8.29841    -0.01921    -0.04324    -0.01390    -0.07635
     8.30841    -0.01671    -0.04385    -0.01303    -0.07359
     8.31841    -0.01486    -0.04421    -0.01236    -0.07143
     8.32841    -0.01357    -0.04432    -0.01196    -0.06985
     8.33841    -0.01273    -0.04428    -0.01183    -0.06884
     8.34841    -0.01216    -0.04423    -0.01192    -0.06831
     8.35841    -0.01169    -0.04428    -0.01215    -0.06812
     8.36841    -0.01121    -0.04447    -0.01240    -0.06808
     8.37841    -0.01071    -0.04478    -0.01259    -0.06808
     8.38841    -0.01029    -0.04519    -0.01266    -0.06814
     8.39841    -0.01020    -0.04571    -0.01263    -0.06854
     8.40841    -0.01073    -0.04645    -0.01251    -0.06969
